0
0
0
0
0
0
0
0
0
0
0
0
0
0
0
0
0
0
0
0
0
0
0
0
0
0
0
0
0
0
0
0
0
0
0
0
0
0
0
0
0
0
0
0
1
0
0
0
1
3
1
4
3
1
3
4
7
6
8
3
1
4
1
6
3
4
5
10
8
11
4
7
8
5
8
6
8
3
6
3
6
8
6
5
2
6
3
8
6
6
2
4
4
12
6
9
3
10
3
6
4
4
9
11
9
2
5
8
6
7
9
5
10
7
10
7
11
10
14
14
4
5
5
6
2
4
7
3
1
3
2
4
2
2
4
2
1
1
2
4
5
1
1
2
1
2
2
3
2
2
0
0
0
0
0
0
0
0
0
0
0
0
0
0
0
0
0
0
0
0
0
0
0
0
0
0
0
0
0
0
0
0
0
0
0
0
0
0
0
0
0
0
0
0
0
0
0
0
0
0
0
0
0
0
0
0
0
0
0
0
0
0
0
0
0
0
0
0
0
0
0
0
0
0
0
0
0
0
0
0
0
0
0
0
0
0
0
0
0
0
0
0
0
0
0
0
0
0
0
0
0
0
0
0
0
