251 255 149
233 250 131
255 246 151
203 219 116
182 196 98
250 255 155
247 255 145
255 255 158
195 214 96
252 255 167
246 228 128
254 255 152
243 255 151
242 255 140
255 255 162
248 255 159
255 252 157
250 255 146
238 217 118
177 190 97
240 255 138
249 255 148
243 255 151
255 255 159
243 255 141
194 207 114
243 255 149
230 250 139
218 237 117
255 242 140
222 239 145
200 208 144
252 255 162
246 255 142
225 244 126
166 183 89
251 255 156
237 255 132
255 240 140
242 255 137
232 248 147
250 255 153
247 255 150
233 254 134
250 255 152
254 255 156
240 221 128
201 207 155
251 255 147
253 255 155
219 233 135
255 255 165
242 255 143
236 255 135
255 255 162
255 255 169
247 255 155
236 255 135
237 218 125
253 255 156
247 227 137
166 184 71
253 255 149
255 242 142
255 241 141
245 255 149
236 251 155
254 255 152
249 255 147
182 194 108
255 255 156
176 184 120
255 246 146
239 255 140
246 229 135
255 255 170
202 218 115
250 255 152
244 255 144
245 255 141
255 255 171
253 255 157
254 255 152
252 255 148
184 201 84
177 188 105
171 185 94
242 255 138
203 219 105
250 255 148
249 255 175
254 255 150
255 245 150
244 255 144
246 255 148
255 255 164
245 255 150
245 255 141
247 255 148
185 204 82
213 229 128
251 255 159
212 228 118
236 253 132
209 226 107
240 255 138
255 255 154
174 186 107
243 255 162
162 173 90
250 255 152
193 205 126
250 255 149
255 255 154
248 255 151
236 253 147
255 255 155
255 255 178
255 255 170
250 255 149
163 180 86
211 223 137
243 226 132
231 247 133
229 210 115
247 255 148
236 215 116
160 174 76
193 209 108
200 216 115
210 226 125
244 255 159
236 253 159
200 214 116
238 254 153
243 255 158
255 255 172
255 255 177
165 181 80
196 212 102
236 252 140
255 237 139
255 255 162
255 255 163
255 255 160
255 255 167
244 255 143
197 217 104
249 255 162
195 211 110
235 251 141
247 255 151
252 255 158
255 255 169
215 236 114
185 205 92
221 237 134
255 237 135
233 250 133
251 255 149
252 255 150
255 255 152
250 255 146
225 237 151
245 255 141
255 255 160
244 255 142
246 255 149
243 255 142
242 255 143
193 216 104
160 183 71
222 233 150
255 255 169
255 255 164
246 255 142
240 255 136
235 252 131
244 255 147
255 255 159
242 255 145
243 255 142
242 255 141
249 255 150
255 255 162
241 255 152
191 214 102
255 238 143
240 255 150
255 255 158
243 255 142
253 255 155
252 255 150
249 255 147
240 255 134
242 255 136
239 255 137
243 255 141
239 255 142
208 222 131
244 255 147
238 255 135
249 255 146
191 211 100
255 255 155
245 255 139
249 255 143
255 255 150
201 215 124
255 255 153
255 255 159
222 237 141
246 255 157
244 255 142
242 255 140
250 255 146
254 255 152
250 255 151
207 222 126
230 247 141
255 255 153
253 255 151
247 255 145
211 224 129
235 248 153
255 255 158
200 213 118
230 243 148
249 255 147
229 246 127
199 215 116
176 192 93
252 231 132
230 211 116
230 211 116
226 206 118
255 240 140
231 212 119
234 215 120
240 221 126
233 213 125
244 227 133
238 218 130
241 219 127
253 235 137
251 233 135
240 223 129
233 215 117
255 237 137
255 243 141
255 237 135
238 218 128
233 213 127
234 212 118
239 217 123
249 227 133
252 234 136
237 217 127
255 253 158
252 231 132
255 239 139
254 235 140
253 234 139
241 218 129
