240 255 157
221 240 134
133 241 171
229 245 146
191 214 113
154 250 188
210 231 131
192 219 110
227 248 130
204 226 117
188 206 107
117 208 152
154 253 199
124 235 164
234 249 153
204 225 121
230 248 145
154 255 194
106 199 145
184 203 95
117 193 156
132 230 170
196 220 112
138 248 166
216 233 125
190 208 107
134 227 173
229 248 140
195 218 117
141 243 186
158 243 196
219 241 134
175 192 84
145 245 186
146 255 186
190 211 111
124 215 157
158 255 196
140 233 179
207 229 122
217 229 152
233 254 136
142 250 180
175 187 110
247 255 172
124 232 162
194 212 113
167 254 202
216 237 137
138 249 189
159 255 201
191 210 104
123 234 163
192 216 108
132 244 168
233 253 142
139 248 170
129 240 169
131 242 173
214 236 127
204 225 125
227 250 138
228 244 145
131 239 169
205 228 116
225 247 140
163 186 85
233 254 152
141 249 179
237 255 160
246 255 163
214 235 135
218 242 134
225 243 140
164 178 91
160 255 196
129 237 164
197 217 106
133 244 175
201 224 121
221 243 136
138 236 176
215 232 124
171 255 207
163 186 85
212 234 127
152 252 193
210 232 123
214 233 127
185 204 114
124 228 163
192 211 105
227 244 136
160 165 118
233 255 146
232 251 145
179 196 100
220 239 133
139 247 177
199 223 115
175 196 94
118 226 153
206 225 119
129 238 160
192 204 127
225 243 140
162 255 198
222 238 139
183 204 102
165 255 201
162 255 194
166 242 205
124 231 161
232 254 145
194 199 152
168 183 87
232 253 135
182 194 117
220 242 135
229 240 157
173 255 217
176 203 94
160 255 192
159 255 204
125 210 163
182 198 99
200 218 115
214 232 129
139 233 179
208 232 124
125 232 171
149 255 185
142 253 186
229 248 142
212 234 125
130 243 173
232 254 145
187 198 126
216 228 151
172 186 97
142 254 178
125 238 168
157 255 193
198 221 116
206 227 125
165 184 76
214 236 129
145 254 179
226 245 137
207 229 120
177 197 102
163 182 92
199 223 115
190 205 109
194 214 103
216 237 135
159 255 193
185 204 98
198 216 115
202 222 111
184 200 109
114 221 151
118 201 143
219 237 134
234 253 147
127 220 166
115 226 166
143 251 176
136 247 176
115 202 150
139 246 185
140 248 173
207 229 120
226 245 139
223 247 139
142 253 182
128 232 167
209 233 125
171 194 89
200 219 111
161 255 195
226 246 149
131 217 163
213 236 124
92 203 136
215 233 130
163 174 102
135 246 186
116 205 143
202 226 118
116 225 152
233 255 146
239 255 148
225 244 136
163 239 202
237 255 150
200 221 119
127 240 170
205 225 128
129 205 168
136 246 182
152 251 197
139 247 174
163 255 209
234 255 153
190 211 111
113 189 152
116 192 155
227 250 138
229 240 168
231 242 170
149 225 188
221 232 149
239 255 154
235 251 150
182 198 99
117 202 155
130 229 175
154 248 194
117 227 147
184 195 112
243 255 158
236 252 151
235 251 152
157 251 197
178 197 91
138 232 178
196 212 113
240 255 149
111 194 141
236 255 145
228 247 139
119 231 155
228 251 137
139 235 171
160 255 194
136 231 172
117 205 148
194 210 111
233 255 146
182 205 104
214 234 137
106 192 138
110 198 143
120 206 152
120 215 158
128 223 166
141 237 173
154 250 188
140 235 176
104 192 135
239 255 152
211 233 124
152 255 188
189 212 107
135 246 186
116 205 143
126 228 171
131 233 176
116 227 167
124 232 162
126 234 164
111 220 147
119 229 149
123 233 151
126 236 154
158 255 196
171 255 215
177 255 221
166 255 212
135 245 181
107 201 144
164 255 202
162 255 201
159 255 198
150 255 194
124 235 168
216 231 135
232 254 145
132 243 183
188 211 106
175 198 97
225 248 145
142 244 187
134 245 185
137 245 175
140 248 178
144 253 180
145 254 181
135 245 165
135 245 165
139 249 167
135 244 169
139 248 173
132 243 176
95 205 141
100 194 137
119 213 156
139 237 177
186 200 121
189 213 105
206 224 125
194 221 112
170 191 91
151 255 191
173 185 108
200 218 119
140 248 173
127 236 158
165 189 81
126 235 157
114 222 149
123 214 156
125 216 160
220 242 135
165 189 81
182 209 100
205 229 121
181 200 112
114 197 139
142 242 183
150 250 191
132 243 183
127 240 170
141 249 174
140 247 177
141 248 178
217 238 138
196 217 117
146 233 181
160 255 206
153 255 195
154 255 190
163 255 199
163 255 199
163 255 199
160 255 200
174 255 218
127 230 168
183 207 99
213 235 128
187 206 100
223 244 144
179 199 102
129 241 165
125 237 161
124 236 160
147 255 183
126 237 166
118 225 162
98 205 142
207 226 120
216 238 131
210 232 125
209 231 124
190 209 119
162 181 91
217 239 132
211 233 126
226 247 129
214 236 127
216 238 131
219 237 134
211 229 126
200 218 115
199 220 118
174 191 95
199 218 112
218 240 133
227 245 142
169 192 91
185 203 102
209 230 128
207 228 124
214 235 131
228 246 143
228 247 141
227 246 140
226 245 137
199 222 108
206 229 115
199 223 115
181 199 98
235 255 152
195 216 114
199 220 118
207 228 124
212 230 127
220 238 135
228 247 141
228 247 139
228 251 137
229 253 145
230 253 150
244 255 164
224 244 147
222 234 157
170 184 107
181 201 106
202 220 117
223 242 136
229 246 138
224 241 133
232 253 151
242 255 159
219 235 144
164 175 103
168 189 89
183 204 104
195 213 110
230 247 139
233 252 146
235 255 154
227 243 152
176 194 93
202 221 115
230 250 139
232 252 141
230 250 139
229 249 138
228 247 139
212 231 123
171 188 80
201 221 110
