1
0
0
2
0
1
2
1
3
0
2
1
5
4
5
6
4
5
6
7
7
8
12
5
10
12
9
9
11
8
11
5
11
12
13
9
7
14
8
7
20
18
10
15
11
8
16
14
10
14
12
10
11
16
11
10
17
18
13
18
22
15
13
15
19
13
13
7
10
16
14
11
9
10
10
11
9
21
10
16
9
16
8
14
15
7
18
12
13
16
11
11
7
11
9
8
6
6
10
5
12
6
11
10
10
14
7
10
5
10
5
15
6
10
7
6
8
11
12
5
10
6
4
3
4
4
5
4
5
9
5
2
5
4
8
2
1
6
5
4
3
5
4
4
3
4
10
2
3
5
5
8
3
3
2
1
6
4
5
2
10
4
5
6
7
7
4
4
9
9
9
6
5
5
7
6
10
9
11
4
6
6
16
3
1
8
6
4
8
14
3
2
4
0
1
0
2
1
0
3
0
1
0
0
0
0
0
0
0
0
0
0
0
0
0
0
0
0
0
0
0
0
0
0
0
0
0
0
0
0
0
0
0
0
0
0
0
0
0
0
0
0
0
0
0
0
0
0
0
0
0
0
0
0
0
