0
0
0
0
0
0
0
0
0
0
0
0
0
0
0
0
0
0
0
0
0
0
0
0
0
0
0
0
0
0
0
0
0
0
0
0
0
0
0
0
0
0
0
0
0
0
0
0
0
0
0
0
0
0
0
0
0
0
0
0
0
0
0
0
0
0
0
0
0
0
0
0
0
0
0
0
0
0
0
0
0
0
0
0
0
0
0
0
0
0
0
0
0
0
1
0
0
0
0
2
0
1
1
1
1
3
2
2
0
1
2
4
7
5
2
4
4
4
4
2
1
5
12
3
5
8
10
10
8
6
9
6
5
4
3
2
12
5
3
5
8
2
4
6
5
3
5
6
3
5
3
10
5
4
2
13
6
4
7
11
6
8
6
10
3
5
11
5
6
6
6
16
12
13
5
10
10
7
7
8
7
3
4
4
1
6
4
1
2
1
2
1
2
3
3
0
1
2
2
3
2
4
2
5
2
2
0
1
1
0
0
0
0
0
0
0
0
0
0
0
0
0
0
0
0
0
0
0
0
0
0
0
0
0
0
0
0
0
0
0
0
0
0
0
0
0
0
0
0
0
0
0
0
0
0
