0
0
0
0
0
0
0
0
0
0
0
0
0
0
0
0
0
0
0
0
0
0
0
0
0
0
0
0
0
0
0
0
0
0
0
0
0
0
0
0
0
0
0
0
1
0
0
0
1
3
1
4
3
1
3
4
7
6
8
3
1
4
1
6
3
4
5
10
8
11
4
7
8
5
9
6
8
5
7
5
7
9
7
8
9
12
6
9
12
9
5
11
8
15
10
16
6
19
8
15
11
15
13
13
14
7
7
16
10
7
14
11
12
13
16
10
14
13
14
23
8
8
9
15
8
14
13
11
5
7
7
7
9
6
7
3
3
8
10
13
8
7
6
6
6
9
12
7
8
5
6
9
6
8
5
6
5
5
11
5
13
8
7
11
8
4
7
7
9
7
8
3
9
5
8
11
5
12
6
12
10
4
7
10
7
16
7
2
6
14
11
14
15
9
6
8
10
12
11
13
14
12
13
8
12
13
14
10
12
13
16
20
15
15
11
10
10
12
7
6
8
2
1
6
3
1
7
5
4
2
2
5
2
1
1
1
0
2
0
0
0
0
0
0
0
0
0
0
0
0
0
0
0
0
0
