1
0
0
2
0
1
2
1
2
0
2
1
4
4
4
6
3
4
5
5
5
4
10
5
7
10
6
6
7
7
8
4
6
8
9
8
6
9
6
2
16
12
7
9
7
8
13
9
7
9
10
8
9
11
9
9
12
13
11
12
15
12
6
11
10
7
5
2
0
5
5
3
4
1
4
2
1
5
3
1
2
4
3
3
2
2
3
4
2
2
2
4
1
1
0
0
0
0
0
0
0
0
0
0
0
0
0
0
0
0
0
0
0
0
0
0
0
0
0
0
0
0
0
0
0
0
0
0
0
0
0
0
0
0
0
0
0
0
0
0
0
0
0
0
0
0
0
0
0
0
0
0
0
0
0
0
0
0
0
0
0
0
0
0
0
0
0
0
0
0
0
0
0
0
0
0
0
0
0
0
0
0
0
0
0
0
0
0
0
0
0
0
0
0
0
0
0
0
0
0
0
0
0
0
0
0
0
0
0
0
0
0
0
0
0
0
0
0
0
0
0
0
0
0
0
0
0
0
0
0
0
0
0
0
0
0
0
0
0
0
0
0
0
0
0
0
0
0
0
0
0
0
0
0
0
