0
0
0
0
0
0
0
0
0
0
0
0
0
0
0
0
0
0
0
0
0
0
0
0
0
0
0
0
0
0
0
0
0
0
0
0
0
0
0
0
0
0
0
0
1
0
0
0
1
3
1
4
3
1
3
4
7
6
8
3
1
4
1
6
3
4
5
10
8
11
4
7
8
5
9
6
8
4
6
5
7
8
7
6
3
8
6
8
9
7
4
7
5
13
8
14
4
14
5
11
7
12
9
12
11
4
6
10
9
7
12
7
10
11
12
8
14
11
14
18
7
7
7
13
6
8
8
10
2
5
3
6
7
4
6
2
1
3
4
9
5
5
3
5
2
4
7
7
4
3
6
4
2
3
3
3
2
2
5
3
9
7
6
4
4
2
2
6
4
5
3
0
5
2
4
5
2
6
2
6
5
2
3
5
3
13
3
1
3
7
2
5
4
2
2
4
5
8
3
4
3
8
9
5
4
2
4
3
4
7
6
9
7
6
5
1
7
6
6
1
6
2
1
2
2
1
6
5
4
2
2
5
2
1
1
1
0
2
0
0
0
0
0
0
0
0
0
0
0
0
0
0
0
0
0
