0
0
0
0
0
0
1
0
0
0
0
1
0
1
3
1
0
2
0
0
6
1
2
5
2
5
6
3
6
3
2
5
3
8
6
4
9
7
9
14
6
10
11
8
14
11
14
9
6
17
8
6
10
12
10
11
10
16
15
11
10
7
11
14
13
22
12
5
11
14
7
8
12
14
18
12
9
9
10
8
14
11
15
9
14
9
9
20
12
9
16
16
11
10
16
18
13
13
8
10
18
18
15
11
13
14
13
21
15
12
10
21
18
21
14
16
12
11
11
7
12
16
18
6
8
17
13
16
11
11
13
12
10
11
10
8
16
12
13
12
16
6
6
9
11
10
9
10
7
11
9
20
9
6
5
19
12
9
7
14
8
10
11
14
4
11
15
6
11
10
10
19
13
13
5
12
10
8
8
10
7
7
4
5
3
6
6
1
2
1
2
1
2
3
3
0
1
2
2
3
2
4
2
5
2
2
0
1
1
0
0
0
0
0
0
0
0
0
0
0
0
0
0
0
0
0
0
0
0
0
0
0
0
0
0
0
0
0
0
0
0
0
0
0
0
0
0
0
0
0
0
0
0
0
0
