1
0
0
2
0
1
2
1
3
0
2
1
5
4
5
6
4
5
6
7
7
8
12
5
10
12
9
9
11
8
11
5
11
12
13
9
7
14
8
7
20
18
10
15
11
8
16
14
10
14
12
10
11
16
11
10
17
18
13
18
22
15
12
12
18
11
10
6
7
13
10
9
8
5
8
6
8
14
7
9
7
13
6
9
12
6
17
11
7
12
7
9
5
8
9
7
5
4
6
4
8
5
4
7
10
9
4
6
2
8
3
10
4
5
4
5
2
7
6
2
3
2
2
2
2
3
3
2
1
1
3
1
1
2
0
1
0
0
1
0
0
0
0
0
0
0
0
0
0
0
0
0
0
0
0
0
0
0
0
0
0
0
0
0
0
0
0
0
0
0
0
0
0
0
0
0
0
0
0
0
0
0
0
0
0
0
0
0
0
0
0
0
0
0
0
0
0
0
0
0
0
0
0
0
0
0
0
0
0
0
0
0
0
0
0
0
0
0
0
0
0
0
0
0
0
0
0
0
0
0
0
0
0
0
0
0
0
0
0
0
0
0
0
0
0
0
0
0
0
0
0
0
0
0
0
