0
0
0
0
0
0
0
0
0
0
0
0
0
0
0
0
0
0
0
0
0
0
0
0
0
0
0
0
0
0
0
1
0
0
0
0
2
1
3
3
0
3
3
1
4
2
4
3
2
3
0
2
2
2
1
2
3
4
4
1
1
2
2
5
5
2
2
2
5
3
3
1
1
6
5
2
1
3
1
1
2
2
4
3
4
2
4
5
2
3
2
6
2
0
3
4
8
1
2
5
3
5
5
6
5
6
7
9
8
3
6
10
10
10
6
6
9
10
8
6
10
13
15
4
7
15
13
13
10
9
13
12
10
11
10
8
16
12
13
12
16
6
6
9
11
10
9
10
7
11
9
20
9
6
5
19
12
9
7
14
8
10
11
14
4
11
15
6
11
10
10
19
13
13
5
12
10
8
8
10
7
7
4
5
3
6
6
1
2
1
2
1
2
3
3
0
1
2
2
3
2
4
2
5
2
2
0
1
1
0
0
0
0
0
0
0
0
0
0
0
0
0
0
0
0
0
0
0
0
0
0
0
0
0
0
0
0
0
0
0
0
0
0
0
0
0
0
0
0
0
0
0
0
0
0
