1
0
0
2
0
1
2
1
3
0
2
1
5
4
5
6
4
5
6
7
7
8
12
5
10
12
9
9
11
8
11
5
11
12
13
9
7
14
8
7
20
18
10
15
11
8
16
14
10
14
12
10
11
16
11
10
17
18
13
18
22
15
13
15
19
13
13
7
10
16
14
11
9
10
10
11
9
21
10
16
9
16
9
15
16
8
20
14
13
17
15
13
8
12
11
11
9
9
11
6
17
7
11
13
11
17
10
12
7
12
6
18
8
14
8
7
10
12
13
5
12
11
8
8
5
6
9
6
9
9
11
3
6
6
10
5
5
7
7
5
7
10
4
8
4
6
10
7
6
5
10
12
5
6
8
3
9
9
7
4
14
10
9
10
9
8
6
5
10
11
9
10
12
7
14
11
13
12
14
5
8
10
19
6
3
9
7
5
11
14
5
2
4
1
1
0
2
1
0
3
0
1
0
0
0
0
0
0
0
0
0
0
0
0
0
0
0
0
0
0
0
0
0
0
0
0
0
0
0
0
0
0
0
0
0
0
0
0
0
0
0
0
0
0
0
0
0
0
0
0
0
0
0
0
0
