0
0
0
0
0
0
0
0
1
0
0
0
1
0
1
0
1
1
1
2
2
4
2
0
3
2
3
3
4
1
3
1
5
4
4
1
1
5
2
5
4
6
3
6
4
0
3
5
3
5
2
2
2
5
2
1
5
5
2
6
7
3
6
1
8
4
5
4
7
8
5
6
4
4
4
4
7
9
4
8
5
9
3
6
10
4
14
7
5
10
5
5
4
7
9
7
5
4
6
4
8
5
4
7
10
9
4
6
2
8
3
10
4
5
4
5
2
7
6
2
3
2
2
2
2
3
3
2
1
1
3
1
1
2
0
1
0
0
1
0
0
0
0
0
0
0
0
0
0
0
0
0
0
0
0
0
0
0
0
0
0
0
0
0
0
0
0
0
0
0
0
0
0
0
0
0
0
0
0
0
0
0
0
0
0
0
0
0
0
0
0
0
0
0
0
0
0
0
0
0
0
0
0
0
0
0
0
0
0
0
0
0
0
0
0
0
0
0
0
0
0
0
0
0
0
0
0
0
0
0
0
0
0
0
0
0
0
0
0
0
0
0
0
0
0
0
0
0
0
0
0
0
0
0
0
