0
0
0
0
0
0
0
0
0
0
0
0
0
1
0
1
0
0
0
0
1
1
0
3
1
2
2
0
1
2
0
0
2
2
3
2
3
3
2
2
2
2
3
3
4
3
3
4
2
10
3
3
4
5
4
6
4
4
10
5
4
3
5
4
3
9
4
3
2
4
1
5
4
3
7
7
6
2
3
4
6
2
5
3
4
1
1
5
2
2
7
3
2
5
4
3
0
4
0
1
1
1
0
0
0
0
0
0
0
0
0
0
0
0
0
0
0
0
0
0
0
0
0
0
0
0
0
0
0
0
0
0
0
0
0
0
0
0
0
0
0
0
0
0
0
0
0
0
0
0
0
0
0
0
0
0
0
0
0
0
0
0
0
0
0
0
0
0
0
0
0
0
0
0
0
0
0
0
0
0
0
0
0
0
0
0
0
0
0
0
0
0
0
0
0
0
0
0
0
0
0
0
0
0
0
0
0
0
0
0
0
0
0
0
0
0
0
0
0
0
0
0
0
0
0
0
0
0
0
0
0
0
0
0
0
0
0
0
0
0
0
0
0
0
0
0
0
0
0
0
0
0
0
0
0
