992,377,1
993,377,1
994,377,1
995,377,1
996,377,1
997,377,1
998,377,1
999,377,1
991,378,1
992,378,1
993,378,1
994,378,1
995,378,1
996,378,1
997,378,1
998,378,1
999,378,1
1000,378,1
1001,378,1
992,379,1
993,379,1
994,379,1
995,379,1
996,379,1
997,379,1
998,379,1
999,379,1
1000,379,1
1001,379,1
1002,379,1
1003,379,1
1004,379,1
993,380,1
994,380,1
995,380,1
996,380,1
997,380,1
998,380,1
999,380,1
1000,380,1
1001,380,1
1002,380,1
1003,380,1
1004,380,1
1005,380,1
1006,380,1
994,381,1
995,381,1
996,381,1
997,381,1
998,381,1
999,381,1
1000,381,1
1001,381,1
1002,381,1
1003,381,1
1004,381,1
1005,381,1
1006,381,1
1007,381,1
1008,381,1
992,382,1
993,382,1
994,382,1
995,382,1
996,382,1
997,382,1
998,382,1
999,382,1
1000,382,1
1001,382,1
1002,382,1
1003,382,1
1004,382,1
1005,382,1
1006,382,1
1007,382,1
1008,382,1
1009,382,1
1010,382,1
993,383,1
994,383,1
995,383,1
996,383,1
998,383,1
999,383,1
1000,383,1
1001,383,1
1002,383,1
1003,383,1
1004,383,1
1005,383,1
1006,383,1
1007,383,1
1008,383,1
1009,383,1
1010,383,1
1011,383,1
1012,383,1
1013,383,1
997,384,1
998,384,1
999,384,1
1000,384,1
1001,384,1
1002,384,1
1003,384,1
1004,384,1
1005,384,1
1006,384,1
1007,384,1
1008,384,1
1009,384,1
1010,384,1
1011,384,1
1012,384,1
1013,384,1
1014,384,1
997,385,1
998,385,1
999,385,1
1000,385,1
1001,385,1
1002,385,1
1003,385,1
1004,385,1
1005,385,1
1006,385,1
1007,385,1
1008,385,1
1009,385,1
1010,385,1
1011,385,1
1012,385,1
1013,385,1
1014,385,1
1015,385,1
999,386,1
1000,386,1
1001,386,1
1002,386,1
1003,386,1
1004,386,1
1005,386,1
1006,386,1
1007,386,1
1008,386,1
1009,386,1
1010,386,1
1011,386,1
1012,386,1
1013,386,1
1014,386,1
1015,386,1
1016,386,1
1017,386,1
1018,386,1
1000,387,1
1001,387,1
1002,387,1
1003,387,1
1004,387,1
1005,387,1
1006,387,1
1007,387,1
1008,387,1
1009,387,1
1010,387,1
1011,387,1
1012,387,1
1013,387,1
1014,387,1
1015,387,1
1016,387,1
1017,387,1
1018,387,1
1019,387,1
1003,388,1
1004,388,1
1005,388,1
1006,388,1
1007,388,1
1008,388,1
1009,388,1
1010,388,1
1011,388,1
1012,388,1
1013,388,1
1014,388,1
1015,388,1
1016,388,1
1017,388,1
1018,388,1
1019,388,1
1020,388,1
1021,388,1
1005,389,1
1006,389,1
1007,389,1
1008,389,1
1009,389,1
1010,389,1
1011,389,1
1012,389,1
1013,389,1
1014,389,1
1015,389,1
1016,389,1
1017,389,1
1018,389,1
1019,389,1
1020,389,1
1021,389,1
1022,389,1
1023,389,1
1024,389,1
1006,390,1
1007,390,1
1008,390,1
1009,390,1
1010,390,1
1011,390,1
1012,390,1
1013,390,1
1014,390,1
1015,390,1
1016,390,1
1017,390,1
1018,390,1
1019,390,1
1020,390,1
1021,390,1
1022,390,1
1023,390,1
1024,390,1
1025,390,1
1010,391,1
1011,391,1
1012,391,1
1013,391,1
1014,391,1
1015,391,1
1016,391,1
1017,391,1
1018,391,1
1019,391,1
1020,391,1
1021,391,1
1022,391,1
1023,391,1
1024,391,1
1025,391,1
1026,391,1
1011,392,1
1012,392,1
1013,392,1
1014,392,1
1015,392,1
1016,392,1
1017,392,1
1018,392,1
1019,392,1
1020,392,1
1021,392,1
1022,392,1
1023,392,1
1024,392,1
1025,392,1
1026,392,1
1027,392,1
1028,392,1
1029,392,1
1013,393,1
1014,393,1
1015,393,1
1016,393,1
1017,393,1
1018,393,1
1019,393,1
1020,393,1
1021,393,1
1022,393,1
1023,393,1
1024,393,1
1025,393,1
1026,393,1
1027,393,1
1028,393,1
1029,393,1
1030,393,1
1015,394,1
1016,394,1
1017,394,1
1018,394,1
1019,394,1
1020,394,1
1021,394,1
1022,394,1
1023,394,1
1024,394,1
1025,394,1
1026,394,1
1027,394,1
1028,394,1
1029,394,1
1030,394,1
1031,394,1
1017,395,1
1018,395,1
1019,395,1
1020,395,1
1021,395,1
1022,395,1
1023,395,1
1024,395,1
1025,395,1
1026,395,1
1027,395,1
1028,395,1
1029,395,1
1030,395,1
1031,395,1
1033,395,1
1020,396,1
1021,396,1
1022,396,1
1023,396,1
1024,396,1
1025,396,1
1026,396,1
1027,396,1
1028,396,1
1029,396,1
1030,396,1
1031,396,1
1032,396,1
1033,396,1
1034,396,1
1035,396,1
1021,397,1
1022,397,1
1023,397,1
1024,397,1
1025,397,1
1026,397,1
1027,397,1
1028,397,1
1029,397,1
1030,397,1
1031,397,1
1032,397,1
1033,397,1
1034,397,1
1035,397,1
1036,397,1
1037,397,1
1038,397,1
1039,397,1
1024,398,1
1025,398,1
1026,398,1
1027,398,1
1028,398,1
1029,398,1
1030,398,1
1031,398,1
1032,398,1
1033,398,1
1034,398,1
1035,398,1
1036,398,1
1037,398,1
1038,398,1
1039,398,1
1040,398,1
1025,399,1
1026,399,1
1027,399,1
1028,399,1
1029,399,1
1030,399,1
1031,399,1
1032,399,1
1033,399,1
1034,399,1
1035,399,1
1036,399,1
1037,399,1
1038,399,1
1039,399,1
1040,399,1
1041,399,1
1042,399,1
1043,399,1
1028,400,1
1029,400,1
1030,400,1
1031,400,1
1032,400,1
1033,400,1
1034,400,1
1035,400,1
1036,400,1
1037,400,1
1038,400,1
1039,400,1
1040,400,1
1041,400,1
1042,400,1
1043,400,1
1044,400,1
1045,400,1
1046,400,1
1029,401,1
1030,401,1
1031,401,1
1032,401,1
1033,401,1
1034,401,1
1035,401,1
1036,401,1
1037,401,1
1038,401,1
1039,401,1
1040,401,1
1041,401,1
1042,401,1
1043,401,1
1044,401,1
1045,401,1
1046,401,1
1047,401,1
1048,401,1
1032,402,1
1033,402,1
1034,402,1
1035,402,1
1036,402,1
1037,402,1
1038,402,1
1039,402,1
1040,402,1
1041,402,1
1042,402,1
1043,402,1
1044,402,1
1045,402,1
1046,402,1
1047,402,1
1048,402,1
1049,402,1
1033,403,1
1034,403,1
1035,403,1
1036,403,1
1037,403,1
1038,403,1
1039,403,1
1040,403,1
1041,403,1
1042,403,1
1043,403,1
1044,403,1
1045,403,1
1046,403,1
1047,403,1
1048,403,1
1049,403,1
1050,403,1
1051,403,1
1052,403,1
1036,404,1
1037,404,1
1038,404,1
1039,404,1
1040,404,1
1041,404,1
1042,404,1
1043,404,1
1044,404,1
1045,404,1
1046,404,1
1047,404,1
1048,404,1
1049,404,1
1050,404,1
1051,404,1
1052,404,1
1037,405,1
1038,405,1
1039,405,1
1040,405,1
1041,405,1
1042,405,1
1043,405,1
1044,405,1
1045,405,1
1046,405,1
1047,405,1
1048,405,1
1049,405,1
1050,405,1
1051,405,1
1052,405,1
1053,405,1
1039,406,1
1040,406,1
1041,406,1
1042,406,1
1043,406,1
1044,406,1
1045,406,1
1046,406,1
1047,406,1
1048,406,1
1049,406,1
1050,406,1
1051,406,1
1041,407,1
1042,407,1
1043,407,1
1044,407,1
1045,407,1
1046,407,1
1047,407,1
1044,408,1
1045,408,1
1046,408,1
1047,408,1
1049,415,4
1050,415,4
1051,415,4
1048,416,4
1049,416,4
1050,416,4
1051,416,4
1052,416,4
1047,417,4
1048,417,4
1049,417,4
1050,417,4
1051,417,4
1052,417,4
1046,418,4
1047,418,4
1048,418,4
1049,418,4
1050,418,4
1051,418,4
1052,418,4
1046,419,4
1047,419,4
1048,419,4
1049,419,4
1050,419,4
1051,419,4
1052,419,4
1044,420,4
1045,420,4
1046,420,4
1047,420,4
1048,420,4
1049,420,4
1050,420,4
1043,421,4
1044,421,4
1045,421,4
1046,421,4
1047,421,4
1048,421,4
1049,421,4
1050,421,4
1043,422,4
1044,422,4
1045,422,4
1046,422,4
1047,422,4
1048,422,4
1049,422,4
1043,423,4
1044,423,4
1045,423,4
1046,423,4
1047,423,4
1048,423,4
1046,438,6
1047,438,6
1048,438,6
1046,439,6
1047,439,6
1048,439,6
1049,439,6
1050,439,6
1051,439,6
1047,440,6
1048,440,6
1049,440,6
1050,440,6
1051,440,6
1052,440,6
1053,440,6
1048,441,6
1049,441,6
1050,441,6
1051,441,6
1052,441,6
1053,441,6
1054,441,6
1055,441,6
1050,442,6
1051,442,6
1052,442,6
1053,442,6
1054,442,6
1055,442,6
1051,443,6
1052,443,6
1053,443,6
1054,443,6
1055,443,6
1056,443,6
1057,443,6
1052,444,6
1053,444,6
1054,444,6
1055,444,6
1056,444,6
1057,444,6
1058,444,6
1052,445,6
1053,445,6
1054,445,6
1055,445,6
1056,445,6
1057,445,6
1058,445,6
1029,446,7
1030,446,7
1031,446,7
1054,446,6
1055,446,6
1056,446,6
1057,446,6
1058,446,6
1059,446,6
1028,447,7
1029,447,7
1030,447,7
1031,447,7
1054,447,6
1055,447,6
1056,447,6
1057,447,6
1058,447,6
1059,447,6
1028,448,7
1029,448,7
1030,448,7
1031,448,7
1055,448,6
1056,448,6
1057,448,6
1058,448,6
1059,448,6
1060,448,6
1061,448,6
1028,449,7
1029,449,7
1030,449,7
1031,449,7
1056,449,6
1057,449,6
1058,449,6
1059,449,6
1060,449,6
1061,449,6
1028,450,7
1029,450,7
1030,450,7
1057,450,6
1058,450,6
1059,450,6
1060,450,6
1061,450,6
1062,450,6
1026,451,7
1027,451,7
1028,451,7
1029,451,7
1057,451,6
1058,451,6
1059,451,6
1060,451,6
1061,451,6
1062,451,6
1063,451,6
1026,452,7
1027,452,7
1028,452,7
1029,452,7
1058,452,6
1059,452,6
1060,452,6
1061,452,6
1062,452,6
1063,452,6
1026,453,7
1027,453,7
1028,453,7
1029,453,7
1030,453,7
1058,453,6
1059,453,6
1060,453,6
1061,453,6
1062,453,6
1063,453,6
1026,454,7
1027,454,7
1028,454,7
1029,454,7
1030,454,7
1060,454,6
1061,454,6
1062,454,6
1063,454,6
1064,454,6
1026,455,7
1027,455,7
1028,455,7
1029,455,7
1030,455,7
1060,455,6
1061,455,6
1062,455,6
1063,455,6
1064,455,6
1026,456,7
1027,456,7
1028,456,7
1029,456,7
1030,456,7
1060,456,6
1061,456,6
1062,456,6
1063,456,6
1064,456,6
1065,456,6
1025,457,7
1026,457,7
1027,457,7
1028,457,7
1029,457,7
1030,457,7
1060,457,6
1061,457,6
1062,457,6
1063,457,6
1064,457,6
1065,457,6
1025,458,7
1026,458,7
1027,458,7
1028,458,7
1029,458,7
1030,458,7
1061,458,6
1062,458,6
1063,458,6
1064,458,6
1065,458,6
1066,458,6
1025,459,7
1026,459,7
1027,459,7
1028,459,7
1029,459,7
1030,459,7
1061,459,6
1062,459,6
1063,459,6
1064,459,6
1065,459,6
1066,459,6
1025,460,7
1026,460,7
1027,460,7
1028,460,7
1029,460,7
1030,460,7
1061,460,6
1062,460,6
1063,460,6
1064,460,6
1065,460,6
1066,460,6
1025,461,7
1026,461,7
1027,461,7
1028,461,7
1029,461,7
1030,461,7
1062,461,6
1063,461,6
1064,461,6
1065,461,6
1066,461,6
1026,462,7
1027,462,7
1028,462,7
1029,462,7
1030,462,7
1062,462,6
1063,462,6
1064,462,6
1065,462,6
1066,462,6
1026,463,7
1027,463,7
1028,463,7
1029,463,7
1030,463,7
1062,463,6
1063,463,6
1064,463,6
1065,463,6
1066,463,6
1026,464,7
1027,464,7
1028,464,7
1029,464,7
1030,464,7
1062,464,6
1063,464,6
1064,464,6
1065,464,6
1066,464,6
1026,465,7
1027,465,7
1028,465,7
1029,465,7
1030,465,7
1062,465,6
1063,465,6
1064,465,6
1065,465,6
1066,465,6
1027,466,7
1028,466,7
1029,466,7
1062,466,6
1063,466,6
1064,466,6
1065,466,6
1066,466,6
1063,467,6
1064,467,6
1065,467,6
1066,467,6
1064,468,6
1065,468,6
1066,468,6
1065,469,6
1066,469,6
1053,516,9
1056,517,10
1057,517,10
1058,517,10
1059,517,10
1060,517,10
1061,517,10
1047,518,10
1048,518,10
1049,518,10
1050,518,10
1051,518,10
1052,518,10
1053,518,10
1054,518,10
1055,518,10
1056,518,10
1057,518,10
1058,518,10
1059,518,10
1060,518,10
1061,518,10
1062,518,10
1063,518,10
1064,518,10
1044,519,10
1045,519,10
1046,519,10
1047,519,10
1048,519,10
1049,519,10
1050,519,10
1051,519,10
1052,519,10
1053,519,10
1054,519,10
1055,519,10
1056,519,10
1057,519,10
1058,519,10
1059,519,10
1060,519,10
1061,519,10
1062,519,10
1063,519,10
1064,519,10
1065,519,10
1066,519,10
1042,520,10
1043,520,10
1044,520,10
1045,520,10
1046,520,10
1047,520,10
1048,520,10
1049,520,10
1050,520,10
1051,520,10
1052,520,10
1053,520,10
1054,520,10
1055,520,10
1056,520,10
1057,520,10
1058,520,10
1059,520,10
1060,520,10
1061,520,10
1062,520,10
1063,520,10
1064,520,10
1065,520,10
1066,520,10
1042,521,10
1043,521,10
1044,521,10
1045,521,10
1046,521,10
1047,521,10
1048,521,10
1049,521,10
1050,521,10
1051,521,10
1052,521,10
1053,521,10
1054,521,10
1055,521,10
1056,521,10
1057,521,10
1058,521,10
1059,521,10
1060,521,10
1061,521,10
1062,521,10
1063,521,10
1064,521,10
1065,521,10
1066,521,10
1041,522,10
1042,522,10
1043,522,10
1044,522,10
1045,522,10
1046,522,10
1047,522,10
1048,522,10
1049,522,10
1050,522,10
1051,522,10
1052,522,10
1053,522,10
1054,522,10
1055,522,10
1056,522,10
1057,522,10
1058,522,10
1059,522,10
1060,522,10
1061,522,10
1062,522,10
1063,522,10
1064,522,10
1065,522,10
1040,523,10
1041,523,10
1042,523,10
1043,523,10
1044,523,10
1045,523,10
1046,523,10
1047,523,10
1048,523,10
1049,523,10
1050,523,10
1051,523,10
1052,523,10
1053,523,10
1054,523,10
1055,523,10
1056,523,10
1057,523,10
1058,523,10
1059,523,10
1060,523,10
1061,523,10
1062,523,10
1063,523,10
1064,523,10
1065,523,10
1040,524,10
1041,524,10
1042,524,10
1043,524,10
1044,524,10
1045,524,10
1046,524,10
1047,524,10
1048,524,10
1049,524,10
1050,524,10
1051,524,10
1052,524,10
1053,524,10
1054,524,10
1055,524,10
1056,524,10
1057,524,10
1058,524,10
1059,524,10
1060,524,10
1061,524,10
1062,524,10
1040,525,10
1041,525,10
1042,525,10
1043,525,10
1044,525,10
1045,525,10
1046,525,10
1047,525,10
1048,525,10
1049,525,10
1050,525,10
1051,525,10
1052,525,10
1053,525,10
1054,525,10
1055,525,10
1056,525,10
1057,525,10
1041,526,10
1042,526,10
1043,526,10
1044,526,10
1045,526,10
1046,526,10
1047,526,10
1048,526,10
1049,526,10
1050,526,10
1051,526,10
1052,526,10
1053,526,10
1054,526,10
1041,527,10
1042,527,10
1043,527,10
1044,527,10
1045,527,10
1046,527,10
1047,527,10
1048,527,10
1049,527,10
1050,527,10
1041,528,10
1042,528,10
1043,528,10
1044,528,10
1045,528,10
1046,528,10
1047,528,10
1048,528,10
1049,528,10
1042,529,10
1043,529,10
1044,529,10
1045,529,10
1046,529,10
1047,529,10
1048,529,10
1049,529,10
1050,529,10
1043,530,10
1044,530,10
1045,530,10
1046,530,10
1047,530,10
1048,530,10
1049,530,10
1014,540,14
1015,540,14
1016,540,14
1017,540,14
1018,540,14
1019,540,14
1020,540,14
1021,540,14
1022,540,14
1023,540,14
1013,541,14
1014,541,14
1015,541,14
1016,541,14
1017,541,14
1018,541,14
1019,541,14
1020,541,14
1021,541,14
1022,541,14
1023,541,14
1024,541,14
1025,541,14
1026,541,14
1027,541,14
1028,541,14
1029,541,14
1013,542,14
1014,542,14
1015,542,14
1016,542,14
1017,542,14
1018,542,14
1019,542,14
1020,542,14
1021,542,14
1022,542,14
1023,542,14
1024,542,14
1025,542,14
1026,542,14
1027,542,14
1028,542,14
1029,542,14
1030,542,14
1031,542,14
1032,542,14
1033,542,14
1034,542,14
1035,542,14
1036,542,14
1013,543,14
1014,543,14
1015,543,14
1016,543,14
1017,543,14
1018,543,14
1019,543,14
1020,543,14
1021,543,14
1022,543,14
1023,543,14
1024,543,14
1025,543,14
1026,543,14
1027,543,14
1028,543,14
1029,543,14
1030,543,14
1031,543,14
1032,543,14
1033,543,14
1034,543,14
1035,543,14
1036,543,14
1037,543,14
1038,543,14
1039,543,14
1040,543,14
1041,543,14
1013,544,14
1014,544,14
1015,544,14
1016,544,14
1017,544,14
1018,544,14
1019,544,14
1020,544,14
1021,544,14
1022,544,14
1023,544,14
1024,544,14
1025,544,14
1026,544,14
1027,544,14
1028,544,14
1029,544,14
1030,544,14
1031,544,14
1032,544,14
1033,544,14
1034,544,14
1035,544,14
1036,544,14
1037,544,14
1038,544,14
1039,544,14
1040,544,14
1041,544,14
1042,544,14
1043,544,14
1013,545,14
1014,545,14
1015,545,14
1016,545,14
1017,545,14
1018,545,14
1019,545,14
1020,545,14
1021,545,14
1022,545,14
1023,545,14
1024,545,14
1025,545,14
1026,545,14
1027,545,14
1028,545,14
1029,545,14
1030,545,14
1031,545,14
1032,545,14
1033,545,14
1034,545,14
1035,545,14
1036,545,14
1037,545,14
1038,545,14
1039,545,14
1040,545,14
1041,545,14
1042,545,14
1043,545,14
1044,545,14
1045,545,14
1046,545,14
1013,546,14
1014,546,14
1015,546,14
1016,546,14
1017,546,14
1018,546,14
1019,546,14
1020,546,14
1021,546,14
1022,546,14
1023,546,14
1024,546,14
1025,546,14
1026,546,14
1027,546,14
1028,546,14
1029,546,14
1030,546,14
1031,546,14
1032,546,14
1033,546,14
1034,546,14
1035,546,14
1036,546,14
1037,546,14
1038,546,14
1039,546,14
1040,546,14
1041,546,14
1042,546,14
1043,546,14
1044,546,14
1045,546,14
1046,546,14
1047,546,14
1013,547,14
1014,547,14
1015,547,14
1016,547,14
1017,547,14
1018,547,14
1019,547,14
1020,547,14
1021,547,14
1022,547,14
1023,547,14
1024,547,14
1025,547,14
1026,547,14
1027,547,14
1028,547,14
1029,547,14
1030,547,14
1031,547,14
1032,547,14
1033,547,14
1034,547,14
1035,547,14
1036,547,14
1037,547,14
1038,547,14
1039,547,14
1040,547,14
1041,547,14
1042,547,14
1043,547,14
1044,547,14
1045,547,14
1046,547,14
1047,547,14
1048,547,14
1013,548,14
1014,548,14
1015,548,14
1016,548,14
1017,548,14
1018,548,14
1019,548,14
1020,548,14
1021,548,14
1022,548,14
1023,548,14
1024,548,14
1025,548,14
1026,548,14
1027,548,14
1028,548,14
1029,548,14
1030,548,14
1031,548,14
1032,548,14
1033,548,14
1034,548,14
1035,548,14
1036,548,14
1037,548,14
1038,548,14
1039,548,14
1040,548,14
1041,548,14
1042,548,14
1043,548,14
1044,548,14
1045,548,14
1046,548,14
1043,549,14
1044,549,14
1045,549,14
1046,549,14
992,585,15
993,585,15
994,585,15
995,585,15
996,585,15
997,585,15
998,585,15
999,585,15
1000,585,15
990,586,15
991,586,15
992,586,15
993,586,15
994,586,15
995,586,15
996,586,15
997,586,15
998,586,15
999,586,15
1000,586,15
1001,586,15
989,587,15
990,587,15
991,587,15
992,587,15
993,587,15
994,587,15
995,587,15
996,587,15
997,587,15
998,587,15
999,587,15
1000,587,15
1001,587,15
990,588,15
991,588,15
992,588,15
993,588,15
994,588,15
995,588,15
996,588,15
997,588,15
998,588,15
999,588,15
1000,588,15
1001,588,15
990,589,15
991,589,15
992,589,15
993,589,15
994,589,15
995,589,15
996,589,15
997,589,15
998,589,15
999,589,15
1000,589,15
1001,589,15
992,590,15
993,590,15
994,590,15
995,590,15
996,590,15
997,590,15
998,590,15
999,590,15
1000,590,15
1007,590,17
1011,590,17
1012,590,17
996,591,15
997,591,15
998,591,15
999,591,15
1005,591,17
1006,591,17
1007,591,17
1008,591,17
1009,591,17
1010,591,17
1011,591,17
1012,591,17
1065,591,20
1066,591,20
1008,592,17
1009,592,17
1010,592,17
1064,592,20
1065,592,20
1066,592,20
1064,593,20
1065,593,20
1066,593,20
1064,594,20
1065,594,20
1066,594,20
1049,595,21
1050,595,21
1064,595,20
1065,595,20
1066,595,20
1047,596,21
1048,596,21
1049,596,21
1050,596,21
1065,596,20
1066,596,20
1046,597,21
1047,597,21
1048,597,21
1049,597,21
1050,597,21
1066,597,20
1046,598,21
1047,598,21
1048,598,21
1049,598,21
1050,598,21
1045,599,21
1046,599,21
1047,599,21
1048,599,21
1049,599,21
1050,599,21
1056,599,21
1057,599,21
1058,599,21
1059,599,21
1045,600,21
1046,600,21
1047,600,21
1048,600,21
1049,600,21
1050,600,21
1051,600,21
1052,600,21
1053,600,21
1054,600,21
1055,600,21
1056,600,21
1057,600,21
1058,600,21
1059,600,21
1060,600,21
1061,600,21
1045,601,21
1046,601,21
1047,601,21
1048,601,21
1049,601,21
1050,601,21
1051,601,21
1052,601,21
1053,601,21
1054,601,21
1055,601,21
1056,601,21
1057,601,21
1058,601,21
1059,601,21
1060,601,21
1061,601,21
1045,602,21
1046,602,21
1047,602,21
1048,602,21
1049,602,21
1050,602,21
1051,602,21
1052,602,21
1053,602,21
1054,602,21
1055,602,21
1056,602,21
1057,602,21
1058,602,21
1059,602,21
1060,602,21
1061,602,21
1045,603,21
1046,603,21
1047,603,21
1048,603,21
1049,603,21
1050,603,21
1051,603,21
1052,603,21
1053,603,21
1054,603,21
1055,603,21
1056,603,21
1057,603,21
1058,603,21
1059,603,21
1060,603,21
1061,603,21
1046,604,21
1047,604,21
1048,604,21
1049,604,21
1050,604,21
1051,604,21
1052,604,21
1053,604,21
1054,604,21
1055,604,21
1056,604,21
1057,604,21
1058,604,21
1059,604,21
1047,605,21
1048,605,21
1049,605,21
1050,605,21
1051,605,21
1052,605,21
1053,605,21
1054,605,21
1055,605,21
1056,605,21
1049,606,21
1050,606,21
1051,606,21
1052,606,21
1053,606,21
1054,606,21
1030,689,24
1031,689,24
1050,689,24
1051,689,24
1053,689,24
1054,689,24
1055,689,24
1056,689,24
1057,689,24
1058,689,24
1059,689,24
1060,689,24
1023,690,24
1024,690,24
1025,690,24
1026,690,24
1027,690,24
1028,690,24
1029,690,24
1030,690,24
1031,690,24
1033,690,24
1034,690,24
1049,690,24
1050,690,24
1052,690,24
1053,690,24
1054,690,24
1055,690,24
1056,690,24
1057,690,24
1058,690,24
1059,690,24
1060,690,24
1061,690,24
1023,691,24
1024,691,24
1025,691,24
1026,691,24
1027,691,24
1028,691,24
1029,691,24
1030,691,24
1031,691,24
1032,691,24
1033,691,24
1034,691,24
1035,691,24
1036,691,24
1037,691,24
1038,691,24
1039,691,24
1040,691,24
1041,691,24
1046,691,24
1047,691,24
1048,691,24
1049,691,24
1050,691,24
1051,691,24
1052,691,24
1053,691,24
1054,691,24
1055,691,24
1056,691,24
1057,691,24
1058,691,24
1059,691,24
1060,691,24
1061,691,24
1023,692,24
1024,692,24
1025,692,24
1026,692,24
1027,692,24
1028,692,24
1029,692,24
1030,692,24
1031,692,24
1032,692,24
1033,692,24
1034,692,24
1035,692,24
1036,692,24
1037,692,24
1038,692,24
1039,692,24
1040,692,24
1041,692,24
1042,692,24
1043,692,24
1044,692,24
1045,692,24
1046,692,24
1047,692,24
1048,692,24
1049,692,24
1050,692,24
1051,692,24
1052,692,24
1053,692,24
1054,692,24
1055,692,24
1056,692,24
1057,692,24
1058,692,24
1059,692,24
1060,692,24
1061,692,24
1023,693,24
1024,693,24
1025,693,24
1026,693,24
1027,693,24
1028,693,24
1029,693,24
1030,693,24
1031,693,24
1032,693,24
1033,693,24
1034,693,24
1035,693,24
1036,693,24
1037,693,24
1038,693,24
1039,693,24
1040,693,24
1041,693,24
1042,693,24
1043,693,24
1044,693,24
1045,693,24
1046,693,24
1047,693,24
1048,693,24
1049,693,24
1050,693,24
1051,693,24
1052,693,24
1053,693,24
1054,693,24
1055,693,24
1056,693,24
1057,693,24
1058,693,24
1059,693,24
1060,693,24
1061,693,24
1023,694,24
1024,694,24
1025,694,24
1026,694,24
1027,694,24
1028,694,24
1029,694,24
1030,694,24
1031,694,24
1032,694,24
1033,694,24
1034,694,24
1035,694,24
1036,694,24
1037,694,24
1038,694,24
1039,694,24
1040,694,24
1041,694,24
1042,694,24
1043,694,24
1044,694,24
1045,694,24
1046,694,24
1047,694,24
1048,694,24
1049,694,24
1050,694,24
1051,694,24
1052,694,24
1053,694,24
1054,694,24
1055,694,24
1056,694,24
1057,694,24
1058,694,24
1059,694,24
1060,694,24
1061,694,24
1023,695,24
1024,695,24
1025,695,24
1026,695,24
1027,695,24
1028,695,24
1029,695,24
1030,695,24
1031,695,24
1032,695,24
1033,695,24
1034,695,24
1035,695,24
1036,695,24
1037,695,24
1038,695,24
1039,695,24
1040,695,24
1041,695,24
1042,695,24
1043,695,24
1044,695,24
1045,695,24
1046,695,24
1047,695,24
1048,695,24
1049,695,24
1050,695,24
1051,695,24
1052,695,24
1053,695,24
1054,695,24
1055,695,24
1056,695,24
1057,695,24
1058,695,24
1059,695,24
1060,695,24
986,696,30
987,696,30
988,696,30
989,696,30
1024,696,24
1025,696,24
1026,696,24
1027,696,24
1028,696,24
1029,696,24
1030,696,24
1031,696,24
1032,696,24
1033,696,24
1034,696,24
1035,696,24
1036,696,24
1037,696,24
1038,696,24
1039,696,24
1040,696,24
1041,696,24
1042,696,24
1043,696,24
1044,696,24
1045,696,24
1046,696,24
1047,696,24
1048,696,24
1049,696,24
1050,696,24
1051,696,24
1052,696,24
1053,696,24
1054,696,24
1055,696,24
1056,696,24
1057,696,24
1058,696,24
1059,696,24
1060,696,24
985,697,30
986,697,30
987,697,30
988,697,30
989,697,30
990,697,30
991,697,30
1033,697,24
1034,697,24
1035,697,24
1036,697,24
1037,697,24
1038,697,24
1039,697,24
1040,697,24
1041,697,24
1042,697,24
1043,697,24
1044,697,24
1045,697,24
1046,697,24
1047,697,24
1048,697,24
1049,697,24
1050,697,24
1051,697,24
1052,697,24
1053,697,24
1057,697,24
985,698,30
986,698,30
987,698,30
988,698,30
989,698,30
990,698,30
991,698,30
992,698,30
993,698,30
994,698,30
996,698,30
997,698,30
1001,698,30
1002,698,30
1003,698,30
1004,698,30
1022,698,30
1023,698,30
1024,698,30
985,699,30
986,699,30
987,699,30
988,699,30
989,699,30
990,699,30
991,699,30
992,699,30
993,699,30
994,699,30
995,699,30
996,699,30
997,699,30
998,699,30
999,699,30
1000,699,30
1001,699,30
1002,699,30
1003,699,30
1004,699,30
1005,699,30
1006,699,30
1011,699,30
1012,699,30
1022,699,30
1023,699,30
985,700,30
986,700,30
987,700,30
988,700,30
989,700,30
990,700,30
991,700,30
992,700,30
993,700,30
994,700,30
995,700,30
996,700,30
997,700,30
998,700,30
999,700,30
1000,700,30
1001,700,30
1002,700,30
1003,700,30
1004,700,30
1005,700,30
1006,700,30
1007,700,30
1008,700,30
1009,700,30
1010,700,30
1011,700,30
1012,700,30
1013,700,30
1014,700,30
1015,700,30
1016,700,30
1017,700,30
1018,700,30
1020,700,30
1021,700,30
1022,700,30
1023,700,30
1024,700,30
985,701,30
986,701,30
987,701,30
988,701,30
989,701,30
990,701,30
991,701,30
992,701,30
993,701,30
994,701,30
995,701,30
996,701,30
997,701,30
998,701,30
999,701,30
1000,701,30
1001,701,30
1002,701,30
1003,701,30
1004,701,30
1005,701,30
1006,701,30
1007,701,30
1008,701,30
1009,701,30
1010,701,30
1011,701,30
1012,701,30
1013,701,30
1014,701,30
1015,701,30
1016,701,30
1017,701,30
1018,701,30
1019,701,30
1020,701,30
1021,701,30
1022,701,30
1023,701,30
1024,701,30
1025,701,30
1026,701,30
986,702,30
987,702,30
988,702,30
989,702,30
990,702,30
991,702,30
992,702,30
993,702,30
994,702,30
995,702,30
997,702,30
998,702,30
999,702,30
1000,702,30
1001,702,30
1002,702,30
1003,702,30
1004,702,30
1005,702,30
1006,702,30
1007,702,30
1008,702,30
1009,702,30
1010,702,30
1011,702,30
1012,702,30
1013,702,30
1014,702,30
1015,702,30
1016,702,30
1017,702,30
1018,702,30
1019,702,30
1020,702,30
1021,702,30
1022,702,30
1023,702,30
1024,702,30
1025,702,30
1026,702,30
987,703,30
988,703,30
989,703,30
990,703,30
991,703,30
992,703,30
993,703,30
994,703,30
995,703,30
996,703,30
997,703,30
998,703,30
999,703,30
1000,703,30
1001,703,30
1002,703,30
1003,703,30
1004,703,30
1005,703,30
1006,703,30
1007,703,30
1008,703,30
1009,703,30
1010,703,30
1011,703,30
1012,703,30
1013,703,30
1014,703,30
1015,703,30
1016,703,30
1017,703,30
1018,703,30
1019,703,30
1020,703,30
1021,703,30
1022,703,30
1023,703,30
1024,703,30
1025,703,30
1026,703,30
992,704,30
993,704,30
994,704,30
995,704,30
996,704,30
997,704,30
998,704,30
999,704,30
1000,704,30
1001,704,30
1002,704,30
1003,704,30
1004,704,30
1005,704,30
1006,704,30
1007,704,30
1008,704,30
1009,704,30
1010,704,30
1011,704,30
1012,704,30
1013,704,30
1014,704,30
1015,704,30
1016,704,30
1017,704,30
1018,704,30
1019,704,30
1020,704,30
1021,704,30
1022,704,30
1023,704,30
1024,704,30
1025,704,30
1026,704,30
994,705,30
995,705,30
996,705,30
997,705,30
998,705,30
999,705,30
1000,705,30
1001,705,30
1002,705,30
1003,705,30
1004,705,30
1005,705,30
1006,705,30
1007,705,30
1008,705,30
1009,705,30
1010,705,30
1011,705,30
1012,705,30
1013,705,30
1014,705,30
1015,705,30
1016,705,30
1017,705,30
1018,705,30
1019,705,30
1020,705,30
1021,705,30
1022,705,30
1023,705,30
1024,705,30
1025,705,30
1026,705,30
1003,706,30
1004,706,30
1005,706,30
1006,706,30
1007,706,30
1008,706,30
1009,706,30
1010,706,30
1011,706,30
1012,706,30
1013,706,30
1014,706,30
1015,706,30
1016,706,30
1017,706,30
1018,706,30
1019,706,30
1020,706,30
1021,706,30
1022,706,30
1023,706,30
1024,706,30
1057,783,36
1058,783,36
1059,783,36
1060,783,36
1061,783,36
1062,783,36
1054,784,36
1055,784,36
1056,784,36
1057,784,36
1058,784,36
1059,784,36
1060,784,36
1061,784,36
1062,784,36
1063,784,36
1052,785,38
1054,785,36
1055,785,36
1056,785,36
1057,785,36
1058,785,36
1059,785,36
1060,785,36
1061,785,36
1062,785,36
1063,785,36
1054,786,36
1055,786,36
1056,786,36
1057,786,36
1058,786,36
1059,786,36
1060,786,36
1054,787,36
1055,787,36
1056,787,36
1057,787,36
1058,787,36
1028,792,39
1029,792,39
1025,793,39
1026,793,39
1028,793,39
1029,793,39
1030,793,39
1031,793,39
1032,793,39
1033,793,39
1034,793,39
1035,793,39
1036,793,39
1037,793,39
1045,793,39
1046,793,39
1047,793,39
1048,793,39
1026,794,39
1027,794,39
1028,794,39
1029,794,39
1030,794,39
1031,794,39
1032,794,39
1033,794,39
1034,794,39
1035,794,39
1036,794,39
1037,794,39
1038,794,39
1039,794,39
1040,794,39
1041,794,39
1042,794,39
1043,794,39
1044,794,39
1045,794,39
1046,794,39
1047,794,39
1048,794,39
1049,794,39
1022,795,39
1023,795,39
1024,795,39
1025,795,39
1026,795,39
1027,795,39
1028,795,39
1029,795,39
1030,795,39
1031,795,39
1032,795,39
1033,795,39
1034,795,39
1035,795,39
1036,795,39
1037,795,39
1038,795,39
1039,795,39
1040,795,39
1041,795,39
1042,795,39
1043,795,39
1044,795,39
1045,795,39
1046,795,39
1047,795,39
1048,795,39
1049,795,39
1022,796,39
1023,796,39
1024,796,39
1025,796,39
1026,796,39
1027,796,39
1028,796,39
1029,796,39
1030,796,39
1031,796,39
1032,796,39
1033,796,39
1034,796,39
1035,796,39
1036,796,39
1037,796,39
1038,796,39
1039,796,39
1040,796,39
1041,796,39
1042,796,39
1043,796,39
1044,796,39
1045,796,39
1046,796,39
1047,796,39
1048,796,39
1049,796,39
1023,797,39
1024,797,39
1025,797,39
1026,797,39
1027,797,39
1028,797,39
1029,797,39
1030,797,39
1031,797,39
1032,797,39
1033,797,39
1034,797,39
1035,797,39
1036,797,39
1037,797,39
1038,797,39
1039,797,39
1040,797,39
1041,797,39
1042,797,39
1043,797,39
1044,797,39
1045,797,39
1046,797,39
1047,797,39
1048,797,39
1024,798,39
1025,798,39
1026,798,39
1027,798,39
1028,798,39
1029,798,39
1030,798,39
1031,798,39
1032,798,39
1033,798,39
1034,798,39
1035,798,39
1036,798,39
1037,798,39
1038,798,39
1039,798,39
1040,798,39
1041,798,39
1042,798,39
1043,798,39
1044,798,39
1045,798,39
