1563,360,1
1564,360,1
1565,360,1
1566,360,1
1567,360,1
1568,360,1
1563,361,1
1564,361,1
1565,361,1
1566,361,1
1567,361,1
1568,361,1
1569,361,1
1570,361,1
1563,362,1
1564,362,1
1565,362,1
1566,362,1
1567,362,1
1568,362,1
1569,362,1
1570,362,1
1571,362,1
1563,363,1
1564,363,1
1565,363,1
1566,363,1
1567,363,1
1568,363,1
1569,363,1
1570,363,1
1571,363,1
1572,363,1
1573,363,1
1562,364,1
1563,364,1
1564,364,1
1565,364,1
1566,364,1
1567,364,1
1568,364,1
1569,364,1
1570,364,1
1571,364,1
1572,364,1
1573,364,1
1574,364,1
1562,365,1
1563,365,1
1564,365,1
1565,365,1
1566,365,1
1567,365,1
1568,365,1
1569,365,1
1570,365,1
1571,365,1
1572,365,1
1573,365,1
1574,365,1
1575,365,1
1576,365,1
1564,366,1
1565,366,1
1566,366,1
1567,366,1
1568,366,1
1569,366,1
1570,366,1
1571,366,1
1572,366,1
1573,366,1
1574,366,1
1575,366,1
1576,366,1
1577,366,1
1570,367,1
1571,367,1
1572,367,1
1573,367,1
1574,367,1
1575,367,1
1576,367,1
1577,367,1
1578,367,1
1572,368,1
1573,368,1
1574,368,1
1575,368,1
1576,368,1
1577,368,1
1578,368,1
1579,368,1
1570,369,1
1571,369,1
1572,369,1
1573,369,1
1574,369,1
1575,369,1
1576,369,1
1577,369,1
1578,369,1
1579,369,1
1580,369,1
1581,369,1
1570,370,1
1571,370,1
1572,370,1
1573,370,1
1574,370,1
1575,370,1
1576,370,1
1577,370,1
1578,370,1
1579,370,1
1580,370,1
1581,370,1
1582,370,1
1571,371,1
1572,371,1
1573,371,1
1574,371,1
1575,371,1
1576,371,1
1577,371,1
1578,371,1
1579,371,1
1580,371,1
1581,371,1
1582,371,1
1583,371,1
1584,371,1
1572,372,1
1573,372,1
1574,372,1
1575,372,1
1576,372,1
1577,372,1
1578,372,1
1579,372,1
1580,372,1
1581,372,1
1582,372,1
1583,372,1
1584,372,1
1585,372,1
1573,373,1
1574,373,1
1575,373,1
1576,373,1
1577,373,1
1578,373,1
1579,373,1
1580,373,1
1581,373,1
1582,373,1
1583,373,1
1584,373,1
1585,373,1
1586,373,1
1574,374,1
1575,374,1
1576,374,1
1577,374,1
1578,374,1
1579,374,1
1580,374,1
1581,374,1
1582,374,1
1583,374,1
1584,374,1
1585,374,1
1586,374,1
1587,374,1
1575,375,1
1576,375,1
1577,375,1
1578,375,1
1579,375,1
1580,375,1
1581,375,1
1582,375,1
1583,375,1
1584,375,1
1585,375,1
1586,375,1
1587,375,1
1588,375,1
1576,376,1
1577,376,1
1578,376,1
1579,376,1
1580,376,1
1581,376,1
1582,376,1
1583,376,1
1584,376,1
1585,376,1
1586,376,1
1587,376,1
1588,376,1
1589,376,1
1577,377,1
1578,377,1
1579,377,1
1580,377,1
1581,377,1
1582,377,1
1583,377,1
1584,377,1
1585,377,1
1586,377,1
1587,377,1
1588,377,1
1589,377,1
1590,377,1
1579,378,1
1580,378,1
1581,378,1
1582,378,1
1583,378,1
1584,378,1
1585,378,1
1586,378,1
1587,378,1
1588,378,1
1589,378,1
1590,378,1
1591,378,1
1592,378,1
1581,379,1
1582,379,1
1583,379,1
1584,379,1
1585,379,1
1586,379,1
1587,379,1
1588,379,1
1589,379,1
1590,379,1
1591,379,1
1592,379,1
1582,380,1
1583,380,1
1584,380,1
1585,380,1
1586,380,1
1587,380,1
1588,380,1
1589,380,1
1590,380,1
1591,380,1
1592,380,1
1593,380,1
1594,380,1
1582,381,1
1583,381,1
1584,381,1
1585,381,1
1586,381,1
1587,381,1
1588,381,1
1589,381,1
1590,381,1
1591,381,1
1592,381,1
1593,381,1
1594,381,1
1584,382,1
1585,382,1
1586,382,1
1587,382,1
1588,382,1
1589,382,1
1590,382,1
1591,382,1
1592,382,1
1593,382,1
1594,382,1
1595,382,1
1596,382,1
1585,383,1
1586,383,1
1587,383,1
1588,383,1
1589,383,1
1590,383,1
1591,383,1
1592,383,1
1593,383,1
1594,383,1
1595,383,1
1596,383,1
1597,383,1
1586,384,1
1587,384,1
1588,384,1
1589,384,1
1590,384,1
1591,384,1
1592,384,1
1593,384,1
1594,384,1
1595,384,1
1596,384,1
1597,384,1
1598,384,1
1587,385,1
1588,385,1
1589,385,1
1590,385,1
1591,385,1
1592,385,1
1593,385,1
1594,385,1
1595,385,1
1596,385,1
1597,385,1
1598,385,1
1599,385,1
1588,386,1
1589,386,1
1590,386,1
1591,386,1
1592,386,1
1593,386,1
1594,386,1
1595,386,1
1596,386,1
1597,386,1
1598,386,1
1599,386,1
1600,386,1
1601,386,1
1589,387,1
1590,387,1
1591,387,1
1592,387,1
1593,387,1
1594,387,1
1595,387,1
1596,387,1
1597,387,1
1598,387,1
1599,387,1
1600,387,1
1601,387,1
1602,387,1
1591,388,1
1592,388,1
1593,388,1
1594,388,1
1595,388,1
1596,388,1
1597,388,1
1598,388,1
1599,388,1
1600,388,1
1601,388,1
1602,388,1
1592,389,1
1593,389,1
1594,389,1
1595,389,1
1596,389,1
1597,389,1
1598,389,1
1599,389,1
1600,389,1
1601,389,1
1602,389,1
1603,389,1
1594,390,1
1595,390,1
1596,390,1
1597,390,1
1598,390,1
1599,390,1
1600,390,1
1601,390,1
1602,390,1
1603,390,1
1604,390,1
1595,391,1
1596,391,1
1597,391,1
1598,391,1
1599,391,1
1600,391,1
1601,391,1
1602,391,1
1603,391,1
1604,391,1
1596,392,1
1597,392,1
1598,392,1
1599,392,1
1600,392,1
1601,392,1
1602,392,1
1603,392,1
1604,392,1
1597,393,1
1598,393,1
1599,393,1
1600,393,1
1601,393,1
1602,393,1
1603,393,1
1604,393,1
1605,393,1
1598,394,1
1599,394,1
1600,394,1
1601,394,1
1602,394,1
1603,394,1
1604,394,1
1605,394,1
1606,394,1
1599,395,1
1600,395,1
1601,395,1
1602,395,1
1603,395,1
1604,395,1
1605,395,1
1606,395,1
1607,395,1
1600,396,1
1601,396,1
1602,396,1
1603,396,1
1604,396,1
1605,396,1
1606,396,1
1607,396,1
1608,396,1
1600,397,1
1601,397,1
1602,397,1
1603,397,1
1604,397,1
1605,397,1
1606,397,1
1607,397,1
1608,397,1
1609,397,1
1602,398,1
1603,398,1
1604,398,1
1605,398,1
1606,398,1
1607,398,1
1608,398,1
1609,398,1
1603,399,1
1604,399,1
1605,399,1
1606,399,1
1607,399,1
1608,399,1
1609,399,1
1607,400,1
1608,400,1
1589,427,3
1590,427,3
1591,427,3
1593,427,3
1586,428,3
1587,428,3
1588,428,3
1589,428,3
1590,428,3
1591,428,3
1592,428,3
1593,428,3
1594,428,3
1584,429,3
1585,429,3
1586,429,3
1587,429,3
1588,429,3
1589,429,3
1590,429,3
1591,429,3
1592,429,3
1593,429,3
1594,429,3
1595,429,3
1596,429,3
1579,430,3
1580,430,3
1581,430,3
1582,430,3
1583,430,3
1584,430,3
1585,430,3
1586,430,3
1587,430,3
1588,430,3
1589,430,3
1590,430,3
1591,430,3
1592,430,3
1593,430,3
1594,430,3
1595,430,3
1596,430,3
1576,431,3
1577,431,3
1578,431,3
1579,431,3
1580,431,3
1581,431,3
1582,431,3
1583,431,3
1584,431,3
1585,431,3
1586,431,3
1587,431,3
1588,431,3
1589,431,3
1590,431,3
1591,431,3
1592,431,3
1593,431,3
1594,431,3
1595,431,3
1574,432,3
1575,432,3
1576,432,3
1577,432,3
1578,432,3
1579,432,3
1580,432,3
1581,432,3
1582,432,3
1583,432,3
1584,432,3
1585,432,3
1586,432,3
1587,432,3
1588,432,3
1589,432,3
1590,432,3
1591,432,3
1592,432,3
1593,432,3
1594,432,3
1559,433,3
1560,433,3
1561,433,3
1562,433,3
1563,433,3
1564,433,3
1565,433,3
1566,433,3
1567,433,3
1568,433,3
1569,433,3
1570,433,3
1571,433,3
1572,433,3
1573,433,3
1574,433,3
1575,433,3
1576,433,3
1577,433,3
1578,433,3
1579,433,3
1580,433,3
1581,433,3
1582,433,3
1583,433,3
1584,433,3
1585,433,3
1586,433,3
1587,433,3
1588,433,3
1589,433,3
1590,433,3
1591,433,3
1592,433,3
1558,434,3
1559,434,3
1560,434,3
1561,434,3
1562,434,3
1563,434,3
1564,434,3
1565,434,3
1566,434,3
1567,434,3
1568,434,3
1569,434,3
1570,434,3
1571,434,3
1572,434,3
1573,434,3
1574,434,3
1575,434,3
1576,434,3
1577,434,3
1578,434,3
1579,434,3
1580,434,3
1581,434,3
1582,434,3
1583,434,3
1584,434,3
1585,434,3
1586,434,3
1587,434,3
1588,434,3
1589,434,3
1590,434,3
1557,435,3
1558,435,3
1559,435,3
1560,435,3
1561,435,3
1562,435,3
1563,435,3
1564,435,3
1565,435,3
1566,435,3
1567,435,3
1568,435,3
1569,435,3
1570,435,3
1571,435,3
1572,435,3
1573,435,3
1574,435,3
1575,435,3
1576,435,3
1577,435,3
1578,435,3
1579,435,3
1580,435,3
1581,435,3
1582,435,3
1583,435,3
1584,435,3
1585,435,3
1586,435,3
1587,435,3
1588,435,3
1557,436,3
1558,436,3
1559,436,3
1560,436,3
1561,436,3
1562,436,3
1563,436,3
1564,436,3
1565,436,3
1566,436,3
1567,436,3
1568,436,3
1569,436,3
1570,436,3
1571,436,3
1572,436,3
1573,436,3
1574,436,3
1575,436,3
1576,436,3
1577,436,3
1578,436,3
1579,436,3
1580,436,3
1581,436,3
1582,436,3
1583,436,3
1584,436,3
1557,437,3
1558,437,3
1559,437,3
1560,437,3
1561,437,3
1562,437,3
1563,437,3
1564,437,3
1565,437,3
1566,437,3
1567,437,3
1568,437,3
1569,437,3
1570,437,3
1571,437,3
1572,437,3
1573,437,3
1574,437,3
1575,437,3
1576,437,3
1577,437,3
1578,437,3
1579,437,3
1580,437,3
1581,437,3
1557,438,3
1558,438,3
1559,438,3
1560,438,3
1561,438,3
1562,438,3
1563,438,3
1564,438,3
1565,438,3
1566,438,3
1567,438,3
1568,438,3
1569,438,3
1570,438,3
1571,438,3
1572,438,3
1573,438,3
1574,438,3
1575,438,3
1576,438,3
1558,439,3
1559,439,3
1560,439,3
1561,439,3
1562,439,3
1563,439,3
1564,439,3
1565,439,3
1566,439,3
1567,439,3
1568,439,3
1569,439,3
1570,439,3
1571,439,3
1572,439,3
1573,439,3
1560,440,3
1561,440,3
1562,440,3
1563,440,3
1556,446,11
1557,446,11
1558,446,11
1555,447,11
1556,447,11
1557,447,11
1558,447,11
1554,448,11
1555,448,11
1556,448,11
1557,448,11
1558,448,11
1554,449,11
1555,449,11
1556,449,11
1557,449,11
1558,449,11
1554,450,11
1555,450,11
1556,450,11
1557,450,11
1554,451,11
1555,451,11
1556,451,11
1590,454,12
1591,454,12
1592,454,12
1593,454,12
1594,454,12
1609,454,13
1610,454,13
1611,454,13
1588,455,12
1589,455,12
1590,455,12
1591,455,12
1592,455,12
1593,455,12
1594,455,12
1609,455,13
1610,455,13
1611,455,13
1586,456,12
1587,456,12
1588,456,12
1589,456,12
1590,456,12
1591,456,12
1592,456,12
1593,456,12
1594,456,12
1610,456,13
1611,456,13
1612,456,13
1585,457,12
1586,457,12
1587,457,12
1588,457,12
1589,457,12
1590,457,12
1591,457,12
1592,457,12
1593,457,12
1610,457,13
1611,457,13
1612,457,13
1584,458,12
1585,458,12
1586,458,12
1587,458,12
1588,458,12
1589,458,12
1590,458,12
1591,458,12
1611,458,13
1612,458,13
1613,458,13
1614,458,13
1584,459,12
1585,459,12
1586,459,12
1587,459,12
1588,459,12
1589,459,12
1590,459,12
1591,459,12
1612,459,13
1613,459,13
1614,459,13
1583,460,12
1584,460,12
1585,460,12
1586,460,12
1587,460,12
1588,460,12
1589,460,12
1583,461,12
1584,461,12
1585,461,12
1586,461,12
1587,461,12
1588,461,12
1589,461,12
1583,462,12
1584,462,12
1585,462,12
1586,462,12
1587,462,12
1582,463,12
1583,463,12
1584,463,12
1585,463,12
1586,463,12
1587,463,12
1582,464,12
1583,464,12
1584,464,12
1585,464,12
1586,464,12
1582,465,12
1583,465,12
1584,465,12
1585,465,12
1586,465,12
1581,466,12
1582,466,12
1583,466,12
1584,466,12
1585,466,12
1586,466,12
1581,467,12
1582,467,12
1583,467,12
1584,467,12
1585,467,12
1581,468,12
1582,468,12
1583,468,12
1584,468,12
1580,469,12
1581,469,12
1582,469,12
1583,469,12
1584,469,12
1580,470,12
1581,470,12
1582,470,12
1583,470,12
1580,471,12
1581,471,12
1582,471,12
1583,471,12
1584,471,12
1580,472,12
1581,472,12
1582,472,12
1583,472,12
1584,472,12
1580,473,12
1581,473,12
1582,473,12
1583,473,12
1584,473,12
1580,474,12
1581,474,12
1582,474,12
1583,474,12
1584,474,12
1580,475,12
1581,475,12
1582,475,12
1583,475,12
1580,476,12
1581,476,12
1582,476,12
1583,476,12
1580,477,12
1581,477,12
1582,477,12
1583,477,12
1580,478,12
1581,478,12
1582,478,12
1583,478,12
1584,478,12
1580,479,12
1581,479,12
1582,479,12
1583,479,12
1584,479,12
1580,480,12
1581,480,12
1582,480,12
1583,480,12
1584,480,12
1580,481,12
1581,481,12
1582,481,12
1583,481,12
1584,481,12
1580,482,12
1581,482,12
1582,482,12
1583,482,12
1581,483,12
1582,483,12
1583,483,12
1582,484,12
1583,484,12
1612,532,16
1613,532,16
1609,533,16
1610,533,16
1611,533,16
1612,533,16
1613,533,16
1614,533,16
1615,533,16
1616,533,16
1617,533,16
1607,534,16
1608,534,16
1609,534,16
1610,534,16
1611,534,16
1612,534,16
1613,534,16
1614,534,16
1615,534,16
1616,534,16
1617,534,16
1603,535,16
1604,535,16
1605,535,16
1606,535,16
1607,535,16
1608,535,16
1609,535,16
1610,535,16
1611,535,16
1612,535,16
1613,535,16
1614,535,16
1615,535,16
1601,536,16
1602,536,16
1603,536,16
1604,536,16
1605,536,16
1606,536,16
1607,536,16
1608,536,16
1609,536,16
1610,536,16
1611,536,16
1612,536,16
1613,536,16
1614,536,16
1600,537,16
1601,537,16
1602,537,16
1603,537,16
1604,537,16
1605,537,16
1606,537,16
1607,537,16
1608,537,16
1609,537,16
1610,537,16
1611,537,16
1612,537,16
1613,537,16
1614,537,16
1599,538,16
1600,538,16
1601,538,16
1602,538,16
1603,538,16
1604,538,16
1605,538,16
1606,538,16
1607,538,16
1608,538,16
1609,538,16
1610,538,16
1611,538,16
1612,538,16
1613,538,16
1614,538,16
1599,539,16
1600,539,16
1601,539,16
1602,539,16
1603,539,16
1604,539,16
1605,539,16
1606,539,16
1607,539,16
1608,539,16
1609,539,16
1610,539,16
1611,539,16
1612,539,16
1600,540,16
1601,540,16
1602,540,16
1603,540,16
1604,540,16
1605,540,16
1606,540,16
1607,540,16
1608,540,16
1609,540,16
1610,540,16
1600,541,16
1601,541,16
1602,541,16
1603,541,16
1604,541,16
1605,541,16
1606,541,16
1607,541,16
1608,541,16
1609,541,16
1600,542,16
1601,542,16
1602,542,16
1603,542,16
1604,542,16
1605,542,16
1606,542,16
1607,542,16
1601,543,16
1602,543,16
1603,543,16
1604,543,16
1605,543,16
1602,544,16
1603,544,16
1604,544,16
1543,548,21
1544,548,21
1543,549,21
1544,549,21
1545,549,21
1543,550,21
1544,550,21
1545,550,21
1546,550,21
1551,550,21
1552,550,21
1553,550,21
1554,550,21
1555,550,21
1556,550,21
1557,550,21
1558,550,21
1559,550,21
1560,550,21
1563,550,21
1564,550,21
1565,550,21
1580,550,21
1581,550,21
1582,550,21
1583,550,21
1584,550,21
1585,550,21
1595,550,21
1596,550,21
1597,550,21
1598,550,21
1600,550,21
1601,550,21
1602,550,21
1603,550,21
1543,551,21
1544,551,21
1545,551,21
1546,551,21
1548,551,21
1549,551,21
1550,551,21
1551,551,21
1552,551,21
1553,551,21
1554,551,21
1555,551,21
1556,551,21
1557,551,21
1558,551,21
1559,551,21
1560,551,21
1561,551,21
1562,551,21
1563,551,21
1564,551,21
1565,551,21
1566,551,21
1567,551,21
1568,551,21
1569,551,21
1570,551,21
1571,551,21
1572,551,21
1573,551,21
1574,551,21
1575,551,21
1576,551,21
1577,551,21
1578,551,21
1579,551,21
1580,551,21
1581,551,21
1582,551,21
1583,551,21
1584,551,21
1585,551,21
1586,551,21
1587,551,21
1588,551,21
1589,551,21
1590,551,21
1591,551,21
1592,551,21
1593,551,21
1594,551,21
1595,551,21
1596,551,21
1597,551,21
1598,551,21
1599,551,21
1600,551,21
1601,551,21
1602,551,21
1603,551,21
1543,552,21
1544,552,21
1545,552,21
1546,552,21
1547,552,21
1548,552,21
1549,552,21
1550,552,21
1551,552,21
1552,552,21
1553,552,21
1554,552,21
1555,552,21
1556,552,21
1557,552,21
1558,552,21
1559,552,21
1560,552,21
1561,552,21
1562,552,21
1563,552,21
1564,552,21
1565,552,21
1566,552,21
1567,552,21
1568,552,21
1569,552,21
1570,552,21
1571,552,21
1572,552,21
1573,552,21
1574,552,21
1575,552,21
1576,552,21
1577,552,21
1578,552,21
1579,552,21
1580,552,21
1581,552,21
1582,552,21
1583,552,21
1584,552,21
1585,552,21
1586,552,21
1587,552,21
1588,552,21
1589,552,21
1590,552,21
1591,552,21
1592,552,21
1593,552,21
1594,552,21
1595,552,21
1596,552,21
1597,552,21
1598,552,21
1599,552,21
1600,552,21
1601,552,21
1602,552,21
1603,552,21
1604,552,21
1544,553,21
1545,553,21
1546,553,21
1547,553,21
1548,553,21
1549,553,21
1550,553,21
1551,553,21
1552,553,21
1553,553,21
1554,553,21
1555,553,21
1556,553,21
1557,553,21
1558,553,21
1559,553,21
1560,553,21
1561,553,21
1562,553,21
1563,553,21
1564,553,21
1565,553,21
1566,553,21
1567,553,21
1568,553,21
1569,553,21
1570,553,21
1571,553,21
1572,553,21
1573,553,21
1574,553,21
1575,553,21
1576,553,21
1577,553,21
1578,553,21
1579,553,21
1580,553,21
1581,553,21
1582,553,21
1583,553,21
1584,553,21
1585,553,21
1586,553,21
1587,553,21
1588,553,21
1589,553,21
1590,553,21
1591,553,21
1592,553,21
1593,553,21
1594,553,21
1595,553,21
1596,553,21
1597,553,21
1598,553,21
1599,553,21
1600,553,21
1601,553,21
1544,554,21
1545,554,21
1546,554,21
1547,554,21
1548,554,21
1549,554,21
1550,554,21
1551,554,21
1552,554,21
1553,554,21
1554,554,21
1555,554,21
1556,554,21
1557,554,21
1558,554,21
1559,554,21
1560,554,21
1561,554,21
1562,554,21
1563,554,21
1564,554,21
1565,554,21
1566,554,21
1567,554,21
1568,554,21
1569,554,21
1570,554,21
1571,554,21
1572,554,21
1573,554,21
1574,554,21
1575,554,21
1576,554,21
1577,554,21
1578,554,21
1579,554,21
1580,554,21
1581,554,21
1582,554,21
1583,554,21
1584,554,21
1585,554,21
1586,554,21
1587,554,21
1588,554,21
1589,554,21
1590,554,21
1591,554,21
1592,554,21
1593,554,21
1594,554,21
1595,554,21
1596,554,21
1597,554,21
1598,554,21
1544,555,21
1545,555,21
1546,555,21
1547,555,21
1548,555,21
1549,555,21
1550,555,21
1551,555,21
1552,555,21
1553,555,21
1554,555,21
1555,555,21
1556,555,21
1557,555,21
1558,555,21
1559,555,21
1560,555,21
1561,555,21
1562,555,21
1563,555,21
1564,555,21
1565,555,21
1566,555,21
1567,555,21
1568,555,21
1569,555,21
1570,555,21
1571,555,21
1572,555,21
1573,555,21
1574,555,21
1575,555,21
1576,555,21
1577,555,21
1578,555,21
1579,555,21
1580,555,21
1581,555,21
1582,555,21
1583,555,21
1584,555,21
1585,555,21
1586,555,21
1587,555,21
1588,555,21
1589,555,21
1590,555,21
1591,555,21
1592,555,21
1593,555,21
1594,555,21
1545,556,21
1546,556,21
1547,556,21
1548,556,21
1549,556,21
1550,556,21
1551,556,21
1552,556,21
1553,556,21
1554,556,21
1555,556,21
1556,556,21
1557,556,21
1558,556,21
1559,556,21
1560,556,21
1561,556,21
1562,556,21
1563,556,21
1564,556,21
1565,556,21
1566,556,21
1567,556,21
1568,556,21
1569,556,21
1570,556,21
1571,556,21
1572,556,21
1573,556,21
1574,556,21
1575,556,21
1576,556,21
1577,556,21
1578,556,21
1579,556,21
1546,557,21
1547,557,21
1548,557,21
1549,557,21
1550,557,21
1551,557,21
1552,557,21
1553,557,21
1554,557,21
1555,557,21
1556,557,21
1557,557,21
1558,557,21
1559,557,21
1560,557,21
1561,557,21
1562,557,21
1563,557,21
1564,557,21
1565,557,21
1566,557,21
1567,557,21
1568,557,21
1569,557,21
1570,557,21
1549,558,21
1550,558,21
1495,576,28
1496,576,28
1497,576,28
1498,576,28
1499,576,28
1500,576,28
1501,576,28
1494,577,28
1495,577,28
1496,577,28
1497,577,28
1498,577,28
1499,577,28
1500,577,28
1501,577,28
1502,577,28
1503,577,28
1494,578,28
1495,578,28
1496,578,28
1497,578,28
1498,578,28
1499,578,28
1500,578,28
1501,578,28
1502,578,28
1503,578,28
1504,578,28
1495,579,28
1496,579,28
1497,579,28
1498,579,28
1499,579,28
1500,579,28
1501,579,28
1502,579,28
1503,579,28
1504,579,28
1505,579,28
1496,580,28
1497,580,28
1498,580,28
1499,580,28
1500,580,28
1501,580,28
1502,580,28
1503,580,28
1504,580,28
1505,580,28
1497,581,28
1498,581,28
1499,581,28
1500,581,28
1501,581,28
1502,581,28
1503,581,28
1504,581,28
1505,581,28
1506,581,28
1498,582,28
1499,582,28
1500,582,28
1501,582,28
1502,582,28
1503,582,28
1504,582,28
1505,582,28
1506,582,28
1498,583,28
1499,583,28
1500,583,28
1501,583,28
1502,583,28
1503,583,28
1504,583,28
1505,583,28
1506,583,28
1507,583,28
1499,584,28
1500,584,28
1501,584,28
1502,584,28
1503,584,28
1504,584,28
1505,584,28
1506,584,28
1507,584,28
1500,585,28
1501,585,28
1502,585,28
1503,585,28
1504,585,28
1505,585,28
1506,585,28
1507,585,28
1500,586,28
1501,586,28
1502,586,28
1503,586,28
1504,586,28
1505,586,28
1506,586,28
1507,586,28
1504,587,28
1505,587,28
1506,587,28
1507,587,28
1503,595,29
1504,595,29
1505,595,29
1506,595,29
1507,595,29
1508,595,29
1509,595,29
1503,596,29
1504,596,29
1505,596,29
1506,596,29
1507,596,29
1508,596,29
1509,596,29
1510,596,29
1504,597,29
1505,597,29
1506,597,29
1507,597,29
1508,597,29
1509,597,29
1510,597,29
1587,615,30
1588,615,30
1605,615,30
1586,616,30
1587,616,30
1588,616,30
1589,616,30
1604,616,30
1605,616,30
1606,616,30
1585,617,30
1586,617,30
1587,617,30
1588,617,30
1589,617,30
1603,617,30
1604,617,30
1605,617,30
1606,617,30
1607,617,30
1585,618,30
1586,618,30
1587,618,30
1588,618,30
1589,618,30
1603,618,30
1604,618,30
1605,618,30
1606,618,30
1607,618,30
1584,619,30
1585,619,30
1586,619,30
1587,619,30
1588,619,30
1589,619,30
1603,619,30
1604,619,30
1605,619,30
1606,619,30
1607,619,30
1583,620,30
1584,620,30
1585,620,30
1586,620,30
1587,620,30
1588,620,30
1589,620,30
1603,620,30
1604,620,30
1605,620,30
1606,620,30
1607,620,30
1583,621,30
1584,621,30
1585,621,30
1586,621,30
1587,621,30
1588,621,30
1603,621,30
1604,621,30
1605,621,30
1606,621,30
1607,621,30
1583,622,30
1584,622,30
1585,622,30
1586,622,30
1587,622,30
1588,622,30
1602,622,30
1603,622,30
1604,622,30
1605,622,30
1606,622,30
1607,622,30
1583,623,30
1584,623,30
1585,623,30
1586,623,30
1587,623,30
1588,623,30
1600,623,30
1601,623,30
1602,623,30
1603,623,30
1604,623,30
1605,623,30
1606,623,30
1607,623,30
1583,624,30
1584,624,30
1585,624,30
1586,624,30
1587,624,30
1588,624,30
1600,624,30
1601,624,30
1602,624,30
1603,624,30
1604,624,30
1605,624,30
1606,624,30
1584,625,30
1585,625,30
1586,625,30
1587,625,30
1588,625,30
1589,625,30
1590,625,30
1591,625,30
1594,625,30
1595,625,30
1596,625,30
1597,625,30
1598,625,30
1599,625,30
1600,625,30
1601,625,30
1602,625,30
1603,625,30
1604,625,30
1605,625,30
1606,625,30
1584,626,30
1585,626,30
1586,626,30
1587,626,30
1588,626,30
1589,626,30
1590,626,30
1591,626,30
1592,626,30
1593,626,30
1594,626,30
1595,626,30
1596,626,30
1597,626,30
1598,626,30
1599,626,30
1600,626,30
1601,626,30
1602,626,30
1603,626,30
1604,626,30
1605,626,30
1606,626,30
1585,627,30
1586,627,30
1587,627,30
1588,627,30
1589,627,30
1590,627,30
1591,627,30
1592,627,30
1593,627,30
1594,627,30
1595,627,30
1596,627,30
1597,627,30
1598,627,30
1599,627,30
1600,627,30
1601,627,30
1602,627,30
1603,627,30
1604,627,30
1586,628,30
1587,628,30
1588,628,30
1589,628,30
1590,628,30
1591,628,30
1592,628,30
1593,628,30
1594,628,30
1595,628,30
1596,628,30
1597,628,30
1598,628,30
1599,628,30
1600,628,30
1601,628,30
1602,628,30
1603,628,30
1604,628,30
1587,629,30
1588,629,30
1589,629,30
1590,629,30
1591,629,30
1592,629,30
1593,629,30
1594,629,30
1595,629,30
1596,629,30
1597,629,30
1598,629,30
1599,629,30
1600,629,30
1601,629,30
1588,630,30
1589,630,30
1590,630,30
1591,630,30
1592,630,30
1593,630,30
1594,630,30
1595,630,30
1596,630,30
1597,630,30
1598,630,30
1599,630,30
1600,630,30
1510,690,34
1511,690,34
1510,691,34
1511,691,34
1512,691,34
1513,691,34
1514,691,34
1515,691,34
1593,691,35
1594,691,35
1595,691,35
1510,692,34
1511,692,34
1512,692,34
1513,692,34
1514,692,34
1515,692,34
1516,692,34
1591,692,35
1592,692,35
1593,692,35
1594,692,35
1595,692,35
1596,692,35
1597,692,35
1510,693,34
1511,693,34
1512,693,34
1513,693,34
1514,693,34
1515,693,34
1516,693,34
1517,693,34
1518,693,34
1519,693,34
1520,693,34
1521,693,34
1522,693,34
1553,693,35
1554,693,35
1555,693,35
1556,693,35
1557,693,35
1591,693,35
1592,693,35
1593,693,35
1594,693,35
1595,693,35
1596,693,35
1597,693,35
1511,694,34
1512,694,34
1513,694,34
1514,694,34
1515,694,34
1516,694,34
1517,694,34
1518,694,34
1519,694,34
1520,694,34
1521,694,34
1522,694,34
1523,694,34
1524,694,34
1525,694,34
1553,694,35
1554,694,35
1555,694,35
1556,694,35
1557,694,35
1558,694,35
1559,694,35
1560,694,35
1561,694,35
1562,694,35
1565,694,35
1566,694,35
1567,694,35
1588,694,35
1589,694,35
1590,694,35
1591,694,35
1592,694,35
1593,694,35
1594,694,35
1595,694,35
1596,694,35
1597,694,35
1512,695,34
1513,695,34
1514,695,34
1515,695,34
1516,695,34
1517,695,34
1518,695,34
1519,695,34
1520,695,34
1521,695,34
1522,695,34
1523,695,34
1524,695,34
1525,695,34
1526,695,34
1527,695,34
1528,695,34
1529,695,34
1530,695,34
1531,695,34
1553,695,35
1554,695,35
1555,695,35
1556,695,35
1557,695,35
1558,695,35
1559,695,35
1560,695,35
1561,695,35
1562,695,35
1563,695,35
1564,695,35
1565,695,35
1566,695,35
1567,695,35
1568,695,35
1585,695,35
1586,695,35
1587,695,35
1588,695,35
1589,695,35
1590,695,35
1591,695,35
1592,695,35
1593,695,35
1594,695,35
1595,695,35
1596,695,35
1597,695,35
1513,696,34
1514,696,34
1515,696,34
1516,696,34
1517,696,34
1518,696,34
1519,696,34
1520,696,34
1521,696,34
1522,696,34
1523,696,34
1524,696,34
1525,696,34
1526,696,34
1527,696,34
1528,696,34
1529,696,34
1530,696,34
1531,696,34
1532,696,34
1535,696,34
1553,696,35
1554,696,35
1555,696,35
1556,696,35
1557,696,35
1558,696,35
1559,696,35
1560,696,35
1561,696,35
1562,696,35
1563,696,35
1564,696,35
1565,696,35
1566,696,35
1567,696,35
1568,696,35
1569,696,35
1570,696,35
1571,696,35
1572,696,35
1573,696,35
1574,696,35
1575,696,35
1581,696,35
1582,696,35
1583,696,35
1584,696,35
1585,696,35
1586,696,35
1587,696,35
1588,696,35
1589,696,35
1590,696,35
1591,696,35
1592,696,35
1593,696,35
1594,696,35
1595,696,35
1596,696,35
1597,696,35
1515,697,34
1516,697,34
1517,697,34
1518,697,34
1519,697,34
1520,697,34
1521,697,34
1522,697,34
1523,697,34
1524,697,34
1525,697,34
1526,697,34
1527,697,34
1528,697,34
1529,697,34
1530,697,34
1531,697,34
1532,697,34
1533,697,34
1534,697,34
1535,697,34
1536,697,34
1537,697,34
1538,697,34
1539,697,34
1540,697,34
1553,697,35
1554,697,35
1555,697,35
1556,697,35
1557,697,35
1558,697,35
1559,697,35
1560,697,35
1561,697,35
1562,697,35
1563,697,35
1564,697,35
1565,697,35
1566,697,35
1567,697,35
1568,697,35
1569,697,35
1570,697,35
1571,697,35
1572,697,35
1573,697,35
1574,697,35
1575,697,35
1576,697,35
1577,697,35
1578,697,35
1579,697,35
1580,697,35
1581,697,35
1582,697,35
1583,697,35
1584,697,35
1585,697,35
1586,697,35
1587,697,35
1588,697,35
1589,697,35
1590,697,35
1591,697,35
1592,697,35
1593,697,35
1594,697,35
1595,697,35
1596,697,35
1597,697,35
1517,698,34
1518,698,34
1519,698,34
1520,698,34
1521,698,34
1522,698,34
1523,698,34
1524,698,34
1525,698,34
1526,698,34
1527,698,34
1528,698,34
1529,698,34
1530,698,34
1531,698,34
1532,698,34
1533,698,34
1534,698,34
1535,698,34
1536,698,34
1537,698,34
1538,698,34
1539,698,34
1540,698,34
1541,698,34
1542,698,34
1543,698,34
1553,698,35
1554,698,35
1555,698,35
1556,698,35
1557,698,35
1558,698,35
1559,698,35
1560,698,35
1561,698,35
1562,698,35
1563,698,35
1564,698,35
1565,698,35
1566,698,35
1567,698,35
1568,698,35
1569,698,35
1570,698,35
1571,698,35
1572,698,35
1573,698,35
1574,698,35
1575,698,35
1576,698,35
1577,698,35
1578,698,35
1579,698,35
1580,698,35
1581,698,35
1582,698,35
1583,698,35
1584,698,35
1585,698,35
1586,698,35
1587,698,35
1588,698,35
1589,698,35
1590,698,35
1591,698,35
1592,698,35
1593,698,35
1519,699,34
1520,699,34
1521,699,34
1522,699,34
1523,699,34
1524,699,34
1525,699,34
1526,699,34
1527,699,34
1528,699,34
1529,699,34
1530,699,34
1531,699,34
1532,699,34
1533,699,34
1534,699,34
1535,699,34
1536,699,34
1537,699,34
1538,699,34
1539,699,34
1540,699,34
1541,699,34
1542,699,34
1543,699,34
1544,699,34
1545,699,34
1546,699,34
1555,699,35
1556,699,35
1557,699,35
1558,699,35
1559,699,35
1560,699,35
1561,699,35
1562,699,35
1563,699,35
1564,699,35
1565,699,35
1566,699,35
1567,699,35
1568,699,35
1569,699,35
1570,699,35
1571,699,35
1572,699,35
1573,699,35
1574,699,35
1575,699,35
1576,699,35
1577,699,35
1578,699,35
1579,699,35
1580,699,35
1581,699,35
1582,699,35
1583,699,35
1584,699,35
1585,699,35
1586,699,35
1587,699,35
1588,699,35
1589,699,35
1590,699,35
1591,699,35
1592,699,35
242,700,43
243,700,43
244,700,43
245,700,43
246,700,43
247,700,43
248,700,43
249,700,43
250,700,43
254,700,44
255,700,44
256,700,44
257,700,44
1525,700,34
1526,700,34
1527,700,34
1528,700,34
1529,700,34
1530,700,34
1531,700,34
1532,700,34
1533,700,34
1534,700,34
1535,700,34
1536,700,34
1537,700,34
1538,700,34
1539,700,34
1540,700,34
1541,700,34
1542,700,34
1543,700,34
1544,700,34
1545,700,34
1546,700,34
1547,700,34
1548,700,34
1558,700,35
1559,700,35
1560,700,35
1561,700,35
1562,700,35
1563,700,35
1564,700,35
1565,700,35
1566,700,35
1567,700,35
1568,700,35
1569,700,35
1570,700,35
1571,700,35
1572,700,35
1573,700,35
1574,700,35
1575,700,35
1576,700,35
1577,700,35
1578,700,35
1579,700,35
1580,700,35
1581,700,35
1582,700,35
1583,700,35
1584,700,35
1585,700,35
1586,700,35
1587,700,35
1588,700,35
1589,700,35
1527,701,34
1528,701,34
1529,701,34
1530,701,34
1531,701,34
1532,701,34
1533,701,34
1534,701,34
1535,701,34
1536,701,34
1537,701,34
1538,701,34
1539,701,34
1540,701,34
1541,701,34
1542,701,34
1543,701,34
1544,701,34
1545,701,34
1546,701,34
1547,701,34
1548,701,34
1549,701,34
1550,701,34
1561,701,35
1562,701,35
1563,701,35
1564,701,35
1565,701,35
1566,701,35
1567,701,35
1568,701,35
1569,701,35
1570,701,35
1571,701,35
1572,701,35
1573,701,35
1574,701,35
1575,701,35
1576,701,35
1577,701,35
1578,701,35
1579,701,35
1580,701,35
1581,701,35
1582,701,35
1583,701,35
1584,701,35
1585,701,35
1586,701,35
1587,701,35
1533,702,34
1534,702,34
1535,702,34
1536,702,34
1537,702,34
1538,702,34
1539,702,34
1540,702,34
1541,702,34
1542,702,34
1543,702,34
1544,702,34
1545,702,34
1546,702,34
1547,702,34
1548,702,34
1549,702,34
1550,702,34
1551,702,34
1534,703,34
1535,703,34
1536,703,34
1537,703,34
1538,703,34
1539,703,34
1540,703,34
1541,703,34
1542,703,34
1543,703,34
1544,703,34
1545,703,34
1546,703,34
1547,703,34
1548,703,34
1549,703,34
1550,703,34
1551,703,34
1538,704,34
1539,704,34
1540,704,34
1541,704,34
1542,704,34
1543,704,34
1544,704,34
1545,704,34
1546,704,34
1547,704,34
1548,704,34
1549,704,34
1550,704,34
1551,704,34
1539,705,34
1540,705,34
1541,705,34
1542,705,34
1543,705,34
1544,705,34
1545,705,34
1546,705,34
1547,705,34
1548,705,34
1549,705,34
1550,705,34
1551,705,34
1552,705,34
1543,706,34
1544,706,34
1545,706,34
1546,706,34
1547,706,34
1548,706,34
1549,706,34
1550,706,34
1544,707,34
1545,707,34
1546,707,34
1547,707,34
1548,707,34
1549,707,34
1550,707,34
1577,785,45
1578,785,45
1579,785,45
1580,785,45
1573,786,45
1574,786,45
1575,786,45
1576,786,45
1577,786,45
1578,786,45
1579,786,45
1580,786,45
1571,787,45
1572,787,45
1573,787,45
1574,787,45
1575,787,45
1576,787,45
1577,787,45
1578,787,45
1579,787,45
1580,787,45
1581,787,45
1582,787,45
1570,788,45
1571,788,45
1572,788,45
1573,788,45
1574,788,45
1575,788,45
1576,788,45
1577,788,45
1578,788,45
1579,788,45
1580,788,45
1581,788,45
1568,789,45
1569,789,45
1570,789,45
1571,789,45
1572,789,45
1573,789,45
1574,789,45
1575,789,45
1576,789,45
1577,789,45
1578,789,45
1579,789,45
1580,789,45
1563,790,45
1564,790,45
1565,790,45
1566,790,45
1567,790,45
1568,790,45
1569,790,45
1570,790,45
1571,790,45
1572,790,45
1573,790,45
1574,790,45
1575,790,45
1576,790,45
1577,790,45
1578,790,45
1579,790,45
1554,791,45
1555,791,45
1556,791,45
1557,791,45
1558,791,45
1559,791,45
1560,791,45
1561,791,45
1562,791,45
1563,791,45
1564,791,45
1565,791,45
1566,791,45
1567,791,45
1568,791,45
1569,791,45
1570,791,45
1571,791,45
1572,791,45
1573,791,45
1574,791,45
1575,791,45
1576,791,45
1577,791,45
1578,791,45
1548,792,45
1549,792,45
1550,792,45
1551,792,45
1552,792,45
1553,792,45
1554,792,45
1555,792,45
1556,792,45
1557,792,45
1558,792,45
1559,792,45
1560,792,45
1561,792,45
1562,792,45
1563,792,45
1564,792,45
1565,792,45
1566,792,45
1567,792,45
1568,792,45
1569,792,45
1570,792,45
1571,792,45
1572,792,45
1573,792,45
1574,792,45
1575,792,45
1576,792,45
1577,792,45
1578,792,45
1547,793,45
1548,793,45
1549,793,45
1550,793,45
1551,793,45
1552,793,45
1553,793,45
1554,793,45
1555,793,45
1556,793,45
1557,793,45
1558,793,45
1559,793,45
1560,793,45
1561,793,45
1562,793,45
1563,793,45
1564,793,45
1565,793,45
1566,793,45
1567,793,45
1568,793,45
1569,793,45
1570,793,45
1571,793,45
1572,793,45
1573,793,45
1574,793,45
1575,793,45
1546,794,45
1547,794,45
1548,794,45
1549,794,45
1550,794,45
1551,794,45
1552,794,45
1553,794,45
1554,794,45
1555,794,45
1556,794,45
1557,794,45
1558,794,45
1559,794,45
1560,794,45
1561,794,45
1562,794,45
1563,794,45
1564,794,45
1565,794,45
1566,794,45
1567,794,45
1568,794,45
1569,794,45
1570,794,45
1571,794,45
1572,794,45
1573,794,45
1574,794,45
1583,794,52
1584,794,52
1585,794,52
1586,794,52
1587,794,52
1588,794,52
1589,794,52
1590,794,52
1591,794,52
1592,794,52
1593,794,52
1594,794,52
1595,794,52
1546,795,45
1547,795,45
1548,795,45
1549,795,45
1550,795,45
1551,795,45
1552,795,45
1553,795,45
1554,795,45
1555,795,45
1556,795,45
1557,795,45
1558,795,45
1559,795,45
1560,795,45
1561,795,45
1562,795,45
1563,795,45
1564,795,45
1565,795,45
1566,795,45
1567,795,45
1568,795,45
1569,795,45
1570,795,45
1571,795,45
1583,795,52
1584,795,52
1585,795,52
1586,795,52
1587,795,52
1588,795,52
1589,795,52
1590,795,52
1591,795,52
1592,795,52
1593,795,52
1594,795,52
1595,795,52
1547,796,45
1548,796,45
1549,796,45
1550,796,45
1551,796,45
1552,796,45
1553,796,45
1554,796,45
1555,796,45
1556,796,45
1557,796,45
1558,796,45
1559,796,45
1560,796,45
1561,796,45
1562,796,45
1563,796,45
1564,796,45
1565,796,45
1566,796,45
1567,796,45
1568,796,45
1583,796,52
1584,796,52
1585,796,52
1586,796,52
1587,796,52
1588,796,52
1589,796,52
1590,796,52
1591,796,52
1592,796,52
1593,796,52
1594,796,52
1595,796,52
1547,797,45
1548,797,45
1549,797,45
1550,797,45
1551,797,45
1552,797,45
1553,797,45
1554,797,45
1555,797,45
1556,797,45
1557,797,45
1558,797,45
1559,797,45
1560,797,45
1561,797,45
1562,797,45
1563,797,45
1582,797,52
1583,797,52
1584,797,52
1585,797,52
1586,797,52
1587,797,52
1588,797,52
1589,797,52
1590,797,52
1591,797,52
1592,797,52
1593,797,52
1594,797,52
1595,797,52
1549,798,45
1550,798,45
1551,798,45
1552,798,45
1553,798,45
1554,798,45
1555,798,45
1556,798,45
1557,798,45
1558,798,45
1559,798,45
1582,798,52
1583,798,52
1584,798,52
1585,798,52
1586,798,52
1587,798,52
1588,798,52
1589,798,52
1590,798,52
1591,798,52
1592,798,52
1593,798,52
1594,798,52
1595,798,52
1587,799,52
1588,799,52
1589,799,52
1590,799,52
1591,799,52
1592,799,52
1593,799,52
