1550,380,1
1551,380,1
1552,380,1
1553,380,1
1548,381,1
1549,381,1
1550,381,1
1551,381,1
1552,381,1
1553,381,1
1554,381,1
1555,381,1
1556,381,1
1557,381,1
1546,382,1
1547,382,1
1548,382,1
1549,382,1
1550,382,1
1551,382,1
1552,382,1
1553,382,1
1554,382,1
1555,382,1
1556,382,1
1557,382,1
1558,382,1
1559,382,1
1545,383,1
1546,383,1
1547,383,1
1548,383,1
1549,383,1
1550,383,1
1551,383,1
1552,383,1
1553,383,1
1554,383,1
1555,383,1
1556,383,1
1557,383,1
1558,383,1
1559,383,1
1560,383,1
1561,383,1
1545,384,1
1546,384,1
1547,384,1
1548,384,1
1549,384,1
1550,384,1
1551,384,1
1552,384,1
1553,384,1
1554,384,1
1555,384,1
1556,384,1
1557,384,1
1558,384,1
1559,384,1
1560,384,1
1561,384,1
1562,384,1
1563,384,1
1564,384,1
1543,385,1
1544,385,1
1545,385,1
1546,385,1
1547,385,1
1548,385,1
1549,385,1
1550,385,1
1551,385,1
1552,385,1
1553,385,1
1554,385,1
1555,385,1
1556,385,1
1557,385,1
1558,385,1
1559,385,1
1560,385,1
1561,385,1
1562,385,1
1563,385,1
1564,385,1
1565,385,1
1543,386,1
1544,386,1
1545,386,1
1546,386,1
1547,386,1
1548,386,1
1549,386,1
1550,386,1
1551,386,1
1552,386,1
1553,386,1
1554,386,1
1555,386,1
1556,386,1
1557,386,1
1558,386,1
1559,386,1
1560,386,1
1561,386,1
1562,386,1
1563,386,1
1564,386,1
1565,386,1
1566,386,1
1567,386,1
1543,387,1
1544,387,1
1545,387,1
1546,387,1
1547,387,1
1548,387,1
1549,387,1
1550,387,1
1551,387,1
1552,387,1
1553,387,1
1554,387,1
1555,387,1
1556,387,1
1557,387,1
1558,387,1
1559,387,1
1560,387,1
1561,387,1
1562,387,1
1563,387,1
1564,387,1
1565,387,1
1566,387,1
1567,387,1
1544,388,1
1545,388,1
1546,388,1
1547,388,1
1548,388,1
1549,388,1
1550,388,1
1551,388,1
1552,388,1
1553,388,1
1554,388,1
1555,388,1
1556,388,1
1557,388,1
1558,388,1
1559,388,1
1560,388,1
1561,388,1
1562,388,1
1563,388,1
1564,388,1
1565,388,1
1566,388,1
1567,388,1
1568,388,1
1569,388,1
1544,389,1
1545,389,1
1546,389,1
1547,389,1
1548,389,1
1549,389,1
1550,389,1
1551,389,1
1552,389,1
1553,389,1
1554,389,1
1555,389,1
1556,389,1
1557,389,1
1558,389,1
1559,389,1
1560,389,1
1561,389,1
1562,389,1
1563,389,1
1564,389,1
1565,389,1
1566,389,1
1567,389,1
1568,389,1
1569,389,1
1570,389,1
1571,389,1
1545,390,1
1546,390,1
1547,390,1
1548,390,1
1549,390,1
1550,390,1
1551,390,1
1552,390,1
1553,390,1
1554,390,1
1555,390,1
1556,390,1
1557,390,1
1558,390,1
1559,390,1
1560,390,1
1561,390,1
1562,390,1
1563,390,1
1564,390,1
1565,390,1
1566,390,1
1567,390,1
1568,390,1
1569,390,1
1570,390,1
1571,390,1
1572,390,1
1573,390,1
1574,390,1
1549,391,1
1550,391,1
1551,391,1
1552,391,1
1553,391,1
1554,391,1
1555,391,1
1556,391,1
1557,391,1
1558,391,1
1559,391,1
1560,391,1
1561,391,1
1562,391,1
1563,391,1
1564,391,1
1565,391,1
1566,391,1
1567,391,1
1568,391,1
1569,391,1
1570,391,1
1571,391,1
1572,391,1
1573,391,1
1574,391,1
1575,391,1
1576,391,1
1577,391,1
1552,392,1
1553,392,1
1554,392,1
1555,392,1
1556,392,1
1557,392,1
1558,392,1
1559,392,1
1560,392,1
1561,392,1
1562,392,1
1563,392,1
1564,392,1
1565,392,1
1566,392,1
1567,392,1
1568,392,1
1569,392,1
1570,392,1
1571,392,1
1572,392,1
1573,392,1
1574,392,1
1575,392,1
1576,392,1
1577,392,1
1578,392,1
1579,392,1
1580,392,1
1581,392,1
1556,393,1
1557,393,1
1558,393,1
1559,393,1
1560,393,1
1561,393,1
1562,393,1
1563,393,1
1564,393,1
1565,393,1
1566,393,1
1567,393,1
1568,393,1
1569,393,1
1570,393,1
1571,393,1
1572,393,1
1573,393,1
1574,393,1
1575,393,1
1576,393,1
1577,393,1
1578,393,1
1579,393,1
1580,393,1
1581,393,1
1557,394,1
1558,394,1
1559,394,1
1560,394,1
1561,394,1
1562,394,1
1563,394,1
1564,394,1
1565,394,1
1566,394,1
1567,394,1
1568,394,1
1569,394,1
1570,394,1
1571,394,1
1572,394,1
1573,394,1
1574,394,1
1575,394,1
1576,394,1
1577,394,1
1578,394,1
1579,394,1
1580,394,1
1581,394,1
1582,394,1
1583,394,1
1584,394,1
1585,394,1
1561,395,1
1562,395,1
1563,395,1
1564,395,1
1565,395,1
1566,395,1
1567,395,1
1568,395,1
1569,395,1
1570,395,1
1571,395,1
1572,395,1
1573,395,1
1574,395,1
1575,395,1
1576,395,1
1577,395,1
1578,395,1
1579,395,1
1580,395,1
1581,395,1
1582,395,1
1583,395,1
1584,395,1
1585,395,1
1562,396,1
1563,396,1
1564,396,1
1565,396,1
1566,396,1
1567,396,1
1568,396,1
1569,396,1
1570,396,1
1571,396,1
1572,396,1
1573,396,1
1574,396,1
1575,396,1
1576,396,1
1577,396,1
1578,396,1
1579,396,1
1580,396,1
1581,396,1
1582,396,1
1583,396,1
1584,396,1
1585,396,1
1586,396,1
1587,396,1
1588,396,1
1589,396,1
1566,397,1
1567,397,1
1568,397,1
1569,397,1
1570,397,1
1571,397,1
1572,397,1
1573,397,1
1574,397,1
1575,397,1
1576,397,1
1577,397,1
1578,397,1
1579,397,1
1580,397,1
1581,397,1
1582,397,1
1583,397,1
1584,397,1
1585,397,1
1586,397,1
1587,397,1
1588,397,1
1589,397,1
1590,397,1
1567,398,1
1568,398,1
1569,398,1
1570,398,1
1571,398,1
1572,398,1
1573,398,1
1574,398,1
1575,398,1
1576,398,1
1577,398,1
1578,398,1
1579,398,1
1580,398,1
1581,398,1
1582,398,1
1583,398,1
1584,398,1
1585,398,1
1586,398,1
1587,398,1
1588,398,1
1589,398,1
1590,398,1
1591,398,1
1570,399,1
1571,399,1
1572,399,1
1573,399,1
1574,399,1
1575,399,1
1576,399,1
1577,399,1
1578,399,1
1579,399,1
1580,399,1
1581,399,1
1582,399,1
1583,399,1
1584,399,1
1585,399,1
1586,399,1
1587,399,1
1588,399,1
1589,399,1
1590,399,1
1591,399,1
1592,399,1
1593,399,1
1594,399,1
1595,399,1
1572,400,1
1573,400,1
1574,400,1
1575,400,1
1576,400,1
1577,400,1
1578,400,1
1579,400,1
1580,400,1
1581,400,1
1582,400,1
1583,400,1
1584,400,1
1585,400,1
1586,400,1
1587,400,1
1588,400,1
1589,400,1
1590,400,1
1591,400,1
1592,400,1
1593,400,1
1594,400,1
1595,400,1
1574,401,1
1575,401,1
1576,401,1
1577,401,1
1578,401,1
1579,401,1
1580,401,1
1581,401,1
1582,401,1
1583,401,1
1584,401,1
1585,401,1
1586,401,1
1587,401,1
1588,401,1
1589,401,1
1590,401,1
1591,401,1
1592,401,1
1593,401,1
1594,401,1
1595,401,1
1596,401,1
1597,401,1
1577,402,1
1578,402,1
1579,402,1
1580,402,1
1581,402,1
1582,402,1
1583,402,1
1584,402,1
1585,402,1
1586,402,1
1587,402,1
1588,402,1
1589,402,1
1590,402,1
1591,402,1
1592,402,1
1593,402,1
1594,402,1
1595,402,1
1596,402,1
1597,402,1
1598,402,1
1579,403,1
1580,403,1
1581,403,1
1582,403,1
1583,403,1
1584,403,1
1585,403,1
1586,403,1
1587,403,1
1588,403,1
1589,403,1
1590,403,1
1591,403,1
1592,403,1
1593,403,1
1594,403,1
1595,403,1
1596,403,1
1597,403,1
1598,403,1
1599,403,1
1600,403,1
1583,404,1
1584,404,1
1585,404,1
1586,404,1
1587,404,1
1588,404,1
1589,404,1
1590,404,1
1591,404,1
1592,404,1
1593,404,1
1594,404,1
1595,404,1
1596,404,1
1597,404,1
1598,404,1
1599,404,1
1600,404,1
1601,404,1
1583,405,1
1584,405,1
1585,405,1
1586,405,1
1587,405,1
1588,405,1
1589,405,1
1590,405,1
1591,405,1
1592,405,1
1593,405,1
1594,405,1
1595,405,1
1596,405,1
1597,405,1
1598,405,1
1599,405,1
1600,405,1
1601,405,1
1602,405,1
1588,406,1
1589,406,1
1590,406,1
1591,406,1
1592,406,1
1593,406,1
1594,406,1
1595,406,1
1596,406,1
1597,406,1
1598,406,1
1599,406,1
1600,406,1
1601,406,1
1602,406,1
1603,406,1
1589,407,1
1590,407,1
1591,407,1
1592,407,1
1593,407,1
1594,407,1
1595,407,1
1596,407,1
1597,407,1
1598,407,1
1599,407,1
1600,407,1
1601,407,1
1602,407,1
1603,407,1
1590,408,1
1591,408,1
1592,408,1
1593,408,1
1594,408,1
1595,408,1
1596,408,1
1597,408,1
1598,408,1
1599,408,1
1600,408,1
1601,408,1
1602,408,1
1603,408,1
1590,409,1
1591,409,1
1592,409,1
1593,409,1
1594,409,1
1595,409,1
1596,409,1
1597,409,1
1598,409,1
1599,409,1
1600,409,1
1601,409,1
1602,409,1
1603,409,1
1604,409,1
1591,410,1
1592,410,1
1593,410,1
1594,410,1
1595,410,1
1596,410,1
1597,410,1
1598,410,1
1599,410,1
1600,410,1
1601,410,1
1602,410,1
1603,410,1
1604,410,1
1605,410,1
1592,411,1
1593,411,1
1594,411,1
1595,411,1
1596,411,1
1597,411,1
1598,411,1
1599,411,1
1600,411,1
1601,411,1
1602,411,1
1603,411,1
1604,411,1
1605,411,1
1594,412,1
1595,412,1
1596,412,1
1597,412,1
1598,412,1
1599,412,1
1600,412,1
1601,412,1
1602,412,1
1603,412,1
1604,412,1
1594,413,1
1595,413,1
1596,413,1
1597,413,1
1598,413,1
1599,413,1
1600,413,1
1601,413,1
1602,413,1
1603,413,1
1604,413,1
1595,414,1
1596,414,1
1597,414,1
1598,414,1
1599,414,1
1600,414,1
1601,414,1
1602,414,1
1603,414,1
1604,414,1
1598,415,1
1599,415,1
1600,415,1
1601,415,1
1602,415,1
1603,415,1
1604,415,1
1599,416,1
1600,416,1
1601,416,1
1602,416,1
1597,440,5
1598,440,5
1599,440,5
1593,441,5
1594,441,5
1595,441,5
1596,441,5
1597,441,5
1598,441,5
1599,441,5
1600,441,5
1564,442,5
1565,442,5
1566,442,5
1567,442,5
1568,442,5
1571,442,5
1592,442,5
1593,442,5
1594,442,5
1595,442,5
1596,442,5
1597,442,5
1598,442,5
1599,442,5
1600,442,5
1563,443,5
1564,443,5
1565,443,5
1566,443,5
1567,443,5
1568,443,5
1569,443,5
1570,443,5
1571,443,5
1572,443,5
1573,443,5
1574,443,5
1589,443,5
1590,443,5
1591,443,5
1592,443,5
1593,443,5
1594,443,5
1595,443,5
1596,443,5
1597,443,5
1598,443,5
1599,443,5
1600,443,5
1562,444,5
1563,444,5
1564,444,5
1565,444,5
1566,444,5
1567,444,5
1568,444,5
1569,444,5
1570,444,5
1571,444,5
1572,444,5
1573,444,5
1574,444,5
1575,444,5
1576,444,5
1577,444,5
1578,444,5
1579,444,5
1580,444,5
1581,444,5
1584,444,5
1585,444,5
1586,444,5
1587,444,5
1588,444,5
1589,444,5
1590,444,5
1591,444,5
1592,444,5
1593,444,5
1594,444,5
1595,444,5
1596,444,5
1597,444,5
1598,444,5
1599,444,5
1561,445,5
1562,445,5
1563,445,5
1564,445,5
1565,445,5
1566,445,5
1567,445,5
1568,445,5
1569,445,5
1570,445,5
1571,445,5
1572,445,5
1573,445,5
1574,445,5
1575,445,5
1576,445,5
1577,445,5
1578,445,5
1579,445,5
1580,445,5
1581,445,5
1582,445,5
1583,445,5
1584,445,5
1585,445,5
1586,445,5
1587,445,5
1588,445,5
1589,445,5
1590,445,5
1591,445,5
1592,445,5
1593,445,5
1594,445,5
1595,445,5
1596,445,5
1597,445,5
1598,445,5
1599,445,5
1561,446,5
1562,446,5
1563,446,5
1564,446,5
1565,446,5
1566,446,5
1567,446,5
1568,446,5
1569,446,5
1570,446,5
1571,446,5
1572,446,5
1573,446,5
1574,446,5
1575,446,5
1576,446,5
1577,446,5
1578,446,5
1579,446,5
1580,446,5
1581,446,5
1582,446,5
1583,446,5
1584,446,5
1585,446,5
1586,446,5
1587,446,5
1588,446,5
1589,446,5
1590,446,5
1591,446,5
1592,446,5
1593,446,5
1594,446,5
1595,446,5
1596,446,5
1597,446,5
1558,447,5
1559,447,5
1561,447,5
1562,447,5
1563,447,5
1564,447,5
1565,447,5
1566,447,5
1567,447,5
1568,447,5
1569,447,5
1570,447,5
1571,447,5
1572,447,5
1573,447,5
1574,447,5
1575,447,5
1576,447,5
1577,447,5
1578,447,5
1579,447,5
1580,447,5
1581,447,5
1582,447,5
1583,447,5
1584,447,5
1585,447,5
1586,447,5
1587,447,5
1588,447,5
1589,447,5
1590,447,5
1591,447,5
1592,447,5
1593,447,5
1594,447,5
1595,447,5
1596,447,5
1558,448,5
1559,448,5
1561,448,5
1562,448,5
1563,448,5
1564,448,5
1565,448,5
1566,448,5
1567,448,5
1568,448,5
1569,448,5
1570,448,5
1571,448,5
1572,448,5
1573,448,5
1574,448,5
1575,448,5
1576,448,5
1577,448,5
1578,448,5
1579,448,5
1580,448,5
1581,448,5
1582,448,5
1583,448,5
1584,448,5
1585,448,5
1586,448,5
1587,448,5
1588,448,5
1589,448,5
1590,448,5
1591,448,5
1592,448,5
1593,448,5
1594,448,5
1595,448,5
1558,449,5
1559,449,5
1560,449,5
1561,449,5
1562,449,5
1563,449,5
1564,449,5
1565,449,5
1566,449,5
1567,449,5
1568,449,5
1569,449,5
1570,449,5
1571,449,5
1572,449,5
1573,449,5
1574,449,5
1575,449,5
1576,449,5
1577,449,5
1578,449,5
1579,449,5
1580,449,5
1581,449,5
1582,449,5
1583,449,5
1584,449,5
1585,449,5
1586,449,5
1587,449,5
1588,449,5
1589,449,5
1590,449,5
1591,449,5
1592,449,5
1593,449,5
1594,449,5
1558,450,5
1559,450,5
1560,450,5
1561,450,5
1562,450,5
1563,450,5
1564,450,5
1565,450,5
1566,450,5
1567,450,5
1568,450,5
1569,450,5
1570,450,5
1571,450,5
1572,450,5
1573,450,5
1574,450,5
1575,450,5
1576,450,5
1577,450,5
1578,450,5
1579,450,5
1580,450,5
1581,450,5
1582,450,5
1583,450,5
1584,450,5
1585,450,5
1586,450,5
1587,450,5
1588,450,5
1589,450,5
1590,450,5
1556,451,5
1557,451,5
1558,451,5
1559,451,5
1560,451,5
1561,451,5
1562,451,5
1563,451,5
1564,451,5
1565,451,5
1566,451,5
1567,451,5
1568,451,5
1569,451,5
1570,451,5
1571,451,5
1572,451,5
1573,451,5
1574,451,5
1575,451,5
1576,451,5
1577,451,5
1578,451,5
1579,451,5
1580,451,5
1581,451,5
1582,451,5
1583,451,5
1584,451,5
1585,451,5
1586,451,5
1587,451,5
1588,451,5
1604,451,13
1556,452,5
1557,452,5
1558,452,5
1559,452,5
1560,452,5
1561,452,5
1562,452,5
1563,452,5
1564,452,5
1565,452,5
1566,452,5
1567,452,5
1568,452,5
1569,452,5
1570,452,5
1571,452,5
1572,452,5
1573,452,5
1574,452,5
1575,452,5
1576,452,5
1577,452,5
1578,452,5
1579,452,5
1580,452,5
1581,452,5
1582,452,5
1583,452,5
1584,452,5
1585,452,5
1598,452,13
1599,452,13
1600,452,13
1601,452,13
1602,452,13
1603,452,13
1604,452,13
1605,452,13
1606,452,13
1607,452,13
1608,452,13
1609,452,13
1610,452,13
1611,452,13
1612,452,13
1554,453,5
1555,453,5
1556,453,5
1557,453,5
1558,453,5
1559,453,5
1560,453,5
1561,453,5
1562,453,5
1563,453,5
1564,453,5
1565,453,5
1566,453,5
1567,453,5
1568,453,5
1569,453,5
1570,453,5
1571,453,5
1572,453,5
1573,453,5
1574,453,5
1575,453,5
1576,453,5
1577,453,5
1578,453,5
1579,453,5
1580,453,5
1594,453,13
1595,453,13
1596,453,13
1597,453,13
1598,453,13
1599,453,13
1600,453,13
1601,453,13
1602,453,13
1603,453,13
1604,453,13
1605,453,13
1606,453,13
1607,453,13
1608,453,13
1609,453,13
1610,453,13
1611,453,13
1612,453,13
1613,453,13
1554,454,5
1555,454,5
1556,454,5
1557,454,5
1558,454,5
1559,454,5
1560,454,5
1561,454,5
1562,454,5
1563,454,5
1564,454,5
1565,454,5
1566,454,5
1567,454,5
1568,454,5
1569,454,5
1570,454,5
1571,454,5
1572,454,5
1573,454,5
1574,454,5
1575,454,5
1593,454,13
1594,454,13
1595,454,13
1596,454,13
1597,454,13
1598,454,13
1599,454,13
1600,454,13
1601,454,13
1602,454,13
1603,454,13
1604,454,13
1605,454,13
1606,454,13
1607,454,13
1608,454,13
1609,454,13
1610,454,13
1611,454,13
1612,454,13
1613,454,13
1614,454,13
1553,455,5
1554,455,5
1555,455,5
1556,455,5
1557,455,5
1558,455,5
1559,455,5
1560,455,5
1561,455,5
1562,455,5
1563,455,5
1564,455,5
1565,455,5
1566,455,5
1567,455,5
1568,455,5
1569,455,5
1591,455,13
1592,455,13
1593,455,13
1594,455,13
1595,455,13
1596,455,13
1597,455,13
1598,455,13
1599,455,13
1600,455,13
1601,455,13
1602,455,13
1603,455,13
1604,455,13
1605,455,13
1606,455,13
1607,455,13
1608,455,13
1609,455,13
1610,455,13
1611,455,13
1612,455,13
1613,455,13
1614,455,13
1615,455,13
1616,455,13
1553,456,5
1554,456,5
1555,456,5
1556,456,5
1557,456,5
1558,456,5
1559,456,5
1560,456,5
1561,456,5
1562,456,5
1563,456,5
1564,456,5
1565,456,5
1566,456,5
1567,456,5
1590,456,13
1591,456,13
1592,456,13
1593,456,13
1594,456,13
1595,456,13
1596,456,13
1597,456,13
1598,456,13
1599,456,13
1600,456,13
1601,456,13
1602,456,13
1603,456,13
1604,456,13
1605,456,13
1606,456,13
1607,456,13
1608,456,13
1609,456,13
1610,456,13
1611,456,13
1612,456,13
1613,456,13
1614,456,13
1615,456,13
1616,456,13
1553,457,5
1554,457,5
1555,457,5
1556,457,5
1557,457,5
1558,457,5
1559,457,5
1560,457,5
1561,457,5
1562,457,5
1563,457,5
1564,457,5
1565,457,5
1566,457,5
1588,457,13
1589,457,13
1590,457,13
1591,457,13
1592,457,13
1593,457,13
1594,457,13
1595,457,13
1596,457,13
1597,457,13
1598,457,13
1599,457,13
1600,457,13
1601,457,13
1602,457,13
1603,457,13
1604,457,13
1606,457,13
1607,457,13
1608,457,13
1609,457,13
1610,457,13
1611,457,13
1612,457,13
1613,457,13
1614,457,13
1615,457,13
1616,457,13
1617,457,13
1618,457,13
1553,458,5
1554,458,5
1555,458,5
1556,458,5
1557,458,5
1558,458,5
1559,458,5
1560,458,5
1561,458,5
1562,458,5
1563,458,5
1564,458,5
1565,458,5
1587,458,13
1588,458,13
1589,458,13
1590,458,13
1591,458,13
1592,458,13
1593,458,13
1594,458,13
1595,458,13
1596,458,13
1597,458,13
1598,458,13
1608,458,13
1609,458,13
1610,458,13
1611,458,13
1612,458,13
1613,458,13
1614,458,13
1615,458,13
1616,458,13
1617,458,13
1618,458,13
1619,458,13
1553,459,5
1554,459,5
1555,459,5
1556,459,5
1557,459,5
1558,459,5
1559,459,5
1560,459,5
1561,459,5
1562,459,5
1563,459,5
1564,459,5
1587,459,13
1588,459,13
1589,459,13
1590,459,13
1591,459,13
1592,459,13
1593,459,13
1594,459,13
1595,459,13
1613,459,13
1552,460,5
1553,460,5
1554,460,5
1555,460,5
1556,460,5
1557,460,5
1558,460,5
1559,460,5
1560,460,5
1561,460,5
1562,460,5
1563,460,5
1564,460,5
1586,460,13
1587,460,13
1588,460,13
1589,460,13
1590,460,13
1591,460,13
1592,460,13
1593,460,13
1594,460,13
1595,460,13
1551,461,5
1552,461,5
1553,461,5
1554,461,5
1555,461,5
1556,461,5
1557,461,5
1558,461,5
1559,461,5
1560,461,5
1561,461,5
1562,461,5
1563,461,5
1586,461,13
1587,461,13
1588,461,13
1589,461,13
1590,461,13
1591,461,13
1592,461,13
1593,461,13
1551,462,5
1552,462,5
1553,462,5
1554,462,5
1555,462,5
1556,462,5
1557,462,5
1558,462,5
1559,462,5
1560,462,5
1561,462,5
1562,462,5
1563,462,5
1585,462,13
1586,462,13
1587,462,13
1588,462,13
1589,462,13
1590,462,13
1591,462,13
1592,462,13
1551,463,5
1552,463,5
1553,463,5
1554,463,5
1555,463,5
1556,463,5
1557,463,5
1558,463,5
1559,463,5
1560,463,5
1561,463,5
1562,463,5
1563,463,5
1585,463,13
1586,463,13
1587,463,13
1588,463,13
1589,463,13
1590,463,13
1591,463,13
1592,463,13
1550,464,5
1551,464,5
1552,464,5
1553,464,5
1554,464,5
1555,464,5
1556,464,5
1557,464,5
1558,464,5
1559,464,5
1560,464,5
1561,464,5
1562,464,5
1584,464,13
1585,464,13
1586,464,13
1587,464,13
1588,464,13
1589,464,13
1590,464,13
1550,465,5
1551,465,5
1552,465,5
1553,465,5
1554,465,5
1555,465,5
1556,465,5
1557,465,5
1558,465,5
1559,465,5
1560,465,5
1561,465,5
1583,465,13
1584,465,13
1585,465,13
1586,465,13
1587,465,13
1588,465,13
1589,465,13
1550,466,5
1551,466,5
1552,466,5
1553,466,5
1554,466,5
1555,466,5
1556,466,5
1557,466,5
1558,466,5
1559,466,5
1560,466,5
1583,466,13
1584,466,13
1585,466,13
1586,466,13
1587,466,13
1588,466,13
1589,466,13
1550,467,5
1551,467,5
1552,467,5
1553,467,5
1554,467,5
1555,467,5
1556,467,5
1557,467,5
1558,467,5
1559,467,5
1560,467,5
1583,467,13
1584,467,13
1585,467,13
1586,467,13
1587,467,13
1588,467,13
1589,467,13
1551,468,5
1552,468,5
1553,468,5
1554,468,5
1555,468,5
1556,468,5
1557,468,5
1558,468,5
1559,468,5
1583,468,13
1584,468,13
1585,468,13
1586,468,13
1587,468,13
1588,468,13
1589,468,13
1551,469,5
1552,469,5
1553,469,5
1554,469,5
1555,469,5
1556,469,5
1557,469,5
1558,469,5
1559,469,5
1583,469,13
1584,469,13
1585,469,13
1586,469,13
1587,469,13
1588,469,13
1551,470,5
1553,470,5
1554,470,5
1555,470,5
1556,470,5
1582,470,13
1583,470,13
1584,470,13
1585,470,13
1586,470,13
1587,470,13
1582,471,13
1583,471,13
1584,471,13
1585,471,13
1586,471,13
1587,471,13
1581,472,13
1582,472,13
1583,472,13
1584,472,13
1585,472,13
1586,472,13
1587,472,13
1581,473,13
1582,473,13
1583,473,13
1584,473,13
1585,473,13
1586,473,13
1587,473,13
1581,474,13
1582,474,13
1583,474,13
1584,474,13
1585,474,13
1586,474,13
1587,474,13
1580,475,13
1581,475,13
1582,475,13
1583,475,13
1584,475,13
1585,475,13
1586,475,13
1625,475,19
1626,475,19
1627,475,19
1581,476,13
1582,476,13
1583,476,13
1584,476,13
1585,476,13
1586,476,13
1626,476,19
1627,476,19
1581,477,13
1582,477,13
1583,477,13
1584,477,13
1585,477,13
1586,477,13
1625,477,19
1626,477,19
1581,478,13
1582,478,13
1583,478,13
1584,478,13
1585,478,13
1586,478,13
1581,479,13
1582,479,13
1583,479,13
1584,479,13
1585,479,13
1581,480,13
1582,480,13
1583,480,13
1584,480,13
1585,480,13
1581,481,13
1582,481,13
1583,481,13
1584,481,13
1585,481,13
1582,482,13
1583,482,13
1584,482,13
1586,488,20
1587,488,20
1588,488,20
1589,488,20
1586,489,20
1587,489,20
1588,489,20
1589,489,20
1590,489,20
1586,490,20
1587,490,20
1588,490,20
1589,490,20
1590,490,20
1586,491,20
1587,491,20
1588,491,20
1589,491,20
1590,491,20
1591,491,20
1586,492,20
1587,492,20
1588,492,20
1589,492,20
1590,492,20
1591,492,20
1586,493,20
1587,493,20
1588,493,20
1589,493,20
1590,493,20
1591,493,20
1586,494,20
1587,494,20
1588,494,20
1589,494,20
1590,494,20
1591,494,20
1587,495,20
1588,495,20
1589,495,20
1590,495,20
1591,495,20
1591,496,20
1530,505,21
1531,505,21
1532,505,21
1533,505,21
1528,506,21
1529,506,21
1530,506,21
1531,506,21
1532,506,21
1533,506,21
1534,506,21
1527,507,21
1528,507,21
1529,507,21
1530,507,21
1531,507,21
1532,507,21
1533,507,21
1527,508,21
1528,508,21
1529,508,21
1530,508,21
1531,508,21
1532,508,21
1533,508,21
1534,508,21
1535,508,21
1536,508,21
1537,508,21
1538,508,21
1539,508,21
1526,509,21
1527,509,21
1528,509,21
1529,509,21
1530,509,21
1531,509,21
1532,509,21
1533,509,21
1534,509,21
1535,509,21
1536,509,21
1537,509,21
1538,509,21
1539,509,21
1526,510,21
1527,510,21
1528,510,21
1529,510,21
1530,510,21
1531,510,21
1532,510,21
1533,510,21
1534,510,21
1535,510,21
1536,510,21
1537,510,21
1538,510,21
1539,510,21
1540,510,21
1541,510,21
1526,511,21
1527,511,21
1528,511,21
1529,511,21
1530,511,21
1531,511,21
1532,511,21
1533,511,21
1534,511,21
1535,511,21
1536,511,21
1537,511,21
1538,511,21
1539,511,21
1540,511,21
1541,511,21
1527,512,21
1528,512,21
1529,512,21
1530,512,21
1531,512,21
1532,512,21
1533,512,21
1534,512,21
1535,512,21
1536,512,21
1537,512,21
1538,512,21
1539,512,21
1540,512,21
1541,512,21
1542,512,21
1527,513,21
1528,513,21
1529,513,21
1530,513,21
1531,513,21
1532,513,21
1533,513,21
1534,513,21
1535,513,21
1536,513,21
1537,513,21
1538,513,21
1539,513,21
1540,513,21
1541,513,21
1542,513,21
1528,514,21
1529,514,21
1530,514,21
1531,514,21
1532,514,21
1533,514,21
1534,514,21
1535,514,21
1536,514,21
1537,514,21
1538,514,21
1539,514,21
1540,514,21
1541,514,21
1542,514,21
1543,514,21
1528,515,21
1529,515,21
1530,515,21
1531,515,21
1532,515,21
1533,515,21
1534,515,21
1535,515,21
1536,515,21
1537,515,21
1538,515,21
1539,515,21
1540,515,21
1541,515,21
1542,515,21
1543,515,21
1530,516,21
1531,516,21
1532,516,21
1533,516,21
1534,516,21
1535,516,21
1536,516,21
1537,516,21
1538,516,21
1539,516,21
1540,516,21
1541,516,21
1542,516,21
1543,516,21
1544,516,21
1530,517,21
1531,517,21
1532,517,21
1533,517,21
1534,517,21
1535,517,21
1536,517,21
1537,517,21
1538,517,21
1539,517,21
1540,517,21
1541,517,21
1542,517,21
1543,517,21
1532,518,21
1533,518,21
1534,518,21
1535,518,21
1536,518,21
1537,518,21
1538,518,21
1539,518,21
1540,518,21
1541,518,21
1542,518,21
1543,518,21
1532,519,21
1533,519,21
1534,519,21
1535,519,21
1536,519,21
1537,519,21
1538,519,21
1539,519,21
1540,519,21
1541,519,21
1542,519,21
1543,519,21
1533,520,21
1534,520,21
1535,520,21
1536,520,21
1537,520,21
1538,520,21
1539,520,21
1540,520,21
1541,520,21
1542,520,21
1543,520,21
1535,521,21
1536,521,21
1537,521,21
1538,521,21
1539,521,21
1540,521,21
1541,521,21
1542,521,21
1536,522,21
1537,522,21
1538,522,21
1539,522,21
1540,522,21
1541,522,21
1538,523,21
1539,523,21
1540,523,21
1622,523,23
1623,523,23
1624,523,23
1625,523,23
1626,523,23
1627,523,23
1620,524,23
1621,524,23
1622,524,23
1623,524,23
1624,524,23
1625,524,23
1626,524,23
1627,524,23
1628,524,23
1629,524,23
1617,525,23
1618,525,23
1619,525,23
1620,525,23
1621,525,23
1622,525,23
1623,525,23
1624,525,23
1625,525,23
1626,525,23
1627,525,23
1628,525,23
1629,525,23
1614,526,23
1615,526,23
1616,526,23
1617,526,23
1618,526,23
1619,526,23
1620,526,23
1621,526,23
1622,526,23
1623,526,23
1624,526,23
1625,526,23
1626,526,23
1627,526,23
1628,526,23
1629,526,23
1630,526,23
1614,527,23
1615,527,23
1616,527,23
1617,527,23
1618,527,23
1619,527,23
1620,527,23
1621,527,23
1622,527,23
1623,527,23
1624,527,23
1625,527,23
1626,527,23
1627,527,23
1628,527,23
1629,527,23
1630,527,23
1611,528,23
1612,528,23
1613,528,23
1614,528,23
1615,528,23
1616,528,23
1617,528,23
1618,528,23
1619,528,23
1620,528,23
1621,528,23
1622,528,23
1623,528,23
1624,528,23
1625,528,23
1626,528,23
1627,528,23
1628,528,23
1629,528,23
1630,528,23
1611,529,23
1612,529,23
1613,529,23
1614,529,23
1615,529,23
1616,529,23
1617,529,23
1618,529,23
1619,529,23
1620,529,23
1621,529,23
1622,529,23
1623,529,23
1624,529,23
1625,529,23
1626,529,23
1627,529,23
1628,529,23
1629,529,23
1630,529,23
1598,530,28
1599,530,28
1602,530,29
1610,530,23
1611,530,23
1612,530,23
1613,530,23
1614,530,23
1615,530,23
1616,530,23
1617,530,23
1618,530,23
1619,530,23
1620,530,23
1621,530,23
1622,530,23
1623,530,23
1624,530,23
1625,530,23
1626,530,23
1627,530,23
1628,530,23
1629,530,23
1630,530,23
1631,530,23
1602,531,29
1609,531,23
1610,531,23
1611,531,23
1612,531,23
1613,531,23
1614,531,23
1615,531,23
1616,531,23
1617,531,23
1618,531,23
1619,531,23
1620,531,23
1621,531,23
1622,531,23
1623,531,23
1624,531,23
1625,531,23
1626,531,23
1627,531,23
1628,531,23
1629,531,23
1630,531,23
1631,531,23
1608,532,23
1609,532,23
1610,532,23
1611,532,23
1612,532,23
1613,532,23
1614,532,23
1615,532,23
1616,532,23
1617,532,23
1618,532,23
1619,532,23
1620,532,23
1621,532,23
1622,532,23
1623,532,23
1624,532,23
1625,532,23
1626,532,23
1627,532,23
1628,532,23
1629,532,23
1630,532,23
1631,532,23
1608,533,23
1609,533,23
1610,533,23
1611,533,23
1612,533,23
1613,533,23
1614,533,23
1615,533,23
1616,533,23
1617,533,23
1618,533,23
1619,533,23
1620,533,23
1621,533,23
1622,533,23
1623,533,23
1624,533,23
1625,533,23
1626,533,23
1627,533,23
1628,533,23
1629,533,23
1630,533,23
1631,533,23
1608,534,23
1609,534,23
1610,534,23
1611,534,23
1612,534,23
1613,534,23
1614,534,23
1615,534,23
1616,534,23
1617,534,23
1618,534,23
1619,534,23
1620,534,23
1621,534,23
1622,534,23
1623,534,23
1624,534,23
1625,534,23
1626,534,23
1627,534,23
1628,534,23
1629,534,23
1630,534,23
1631,534,23
1609,535,23
1610,535,23
1611,535,23
1612,535,23
1613,535,23
1614,535,23
1615,535,23
1616,535,23
1617,535,23
1618,535,23
1619,535,23
1620,535,23
1621,535,23
1622,535,23
1623,535,23
1624,535,23
1625,535,23
1626,535,23
1627,535,23
1628,535,23
1629,535,23
1630,535,23
1609,536,23
1610,536,23
1611,536,23
1612,536,23
1613,536,23
1614,536,23
1615,536,23
1616,536,23
1617,536,23
1618,536,23
1619,536,23
1620,536,23
1621,536,23
1622,536,23
1623,536,23
1624,536,23
1625,536,23
1626,536,23
1627,536,23
1628,536,23
1629,536,23
1630,536,23
1609,537,23
1610,537,23
1611,537,23
1612,537,23
1613,537,23
1614,537,23
1615,537,23
1616,537,23
1617,537,23
1618,537,23
1619,537,23
1620,537,23
1621,537,23
1622,537,23
1623,537,23
1624,537,23
1625,537,23
1626,537,23
1627,537,23
1628,537,23
1610,538,23
1611,538,23
1612,538,23
1613,538,23
1614,538,23
1615,538,23
1616,538,23
1617,538,23
1618,538,23
1619,538,23
1620,538,23
1621,538,23
1622,538,23
1623,538,23
1624,538,23
1625,538,23
1600,549,30
1600,550,30
1601,550,30
1602,550,30
1600,551,30
1601,551,30
1602,551,30
1603,551,30
1604,551,30
1591,552,30
1593,552,30
1594,552,30
1595,552,30
1596,552,30
1597,552,30
1598,552,30
1599,552,30
1600,552,30
1601,552,30
1602,552,30
1603,552,30
1604,552,30
1605,552,30
1586,553,30
1587,553,30
1588,553,30
1589,553,30
1590,553,30
1591,553,30
1592,553,30
1593,553,30
1594,553,30
1595,553,30
1596,553,30
1597,553,30
1598,553,30
1599,553,30
1600,553,30
1601,553,30
1602,553,30
1603,553,30
1604,553,30
1605,553,30
1575,554,30
1579,554,30
1580,554,30
1583,554,30
1584,554,30
1585,554,30
1586,554,30
1587,554,30
1588,554,30
1589,554,30
1590,554,30
1591,554,30
1592,554,30
1593,554,30
1594,554,30
1595,554,30
1596,554,30
1597,554,30
1598,554,30
1599,554,30
1600,554,30
1601,554,30
1602,554,30
1603,554,30
1604,554,30
1605,554,30
1575,555,30
1576,555,30
1577,555,30
1578,555,30
1579,555,30
1580,555,30
1581,555,30
1582,555,30
1583,555,30
1584,555,30
1585,555,30
1586,555,30
1587,555,30
1588,555,30
1589,555,30
1590,555,30
1591,555,30
1592,555,30
1593,555,30
1594,555,30
1595,555,30
1596,555,30
1597,555,30
1598,555,30
1599,555,30
1600,555,30
1601,555,30
1602,555,30
1603,555,30
1544,556,30
1545,556,30
1546,556,30
1547,556,30
1548,556,30
1549,556,30
1572,556,30
1574,556,30
1575,556,30
1576,556,30
1577,556,30
1578,556,30
1579,556,30
1581,556,30
1582,556,30
1583,556,30
1584,556,30
1585,556,30
1586,556,30
1587,556,30
1588,556,30
1589,556,30
1590,556,30
1591,556,30
1592,556,30
1593,556,30
1594,556,30
1595,556,30
1596,556,30
1597,556,30
1598,556,30
1599,556,30
1600,556,30
1601,556,30
1602,556,30
1603,556,30
1544,557,30
1545,557,30
1546,557,30
1547,557,30
1548,557,30
1549,557,30
1550,557,30
1551,557,30
1552,557,30
1553,557,30
1554,557,30
1555,557,30
1560,557,30
1561,557,30
1562,557,30
1563,557,30
1564,557,30
1565,557,30
1566,557,30
1567,557,30
1568,557,30
1569,557,30
1570,557,30
1571,557,30
1572,557,30
1573,557,30
1574,557,30
1575,557,30
1576,557,30
1577,557,30
1578,557,30
1579,557,30
1580,557,30
1581,557,30
1582,557,30
1583,557,30
1584,557,30
1585,557,30
1586,557,30
1587,557,30
1588,557,30
1589,557,30
1590,557,30
1591,557,30
1592,557,30
1593,557,30
1594,557,30
1595,557,30
1596,557,30
1597,557,30
1598,557,30
1599,557,30
1600,557,30
1601,557,30
1544,558,30
1545,558,30
1546,558,30
1547,558,30
1548,558,30
1549,558,30
1550,558,30
1551,558,30
1552,558,30
1553,558,30
1554,558,30
1557,558,30
1558,558,30
1559,558,30
1560,558,30
1561,558,30
1562,558,30
1563,558,30
1564,558,30
1565,558,30
1566,558,30
1567,558,30
1568,558,30
1569,558,30
1570,558,30
1571,558,30
1572,558,30
1573,558,30
1574,558,30
1575,558,30
1576,558,30
1577,558,30
1578,558,30
1579,558,30
1580,558,30
1581,558,30
1582,558,30
1583,558,30
1584,558,30
1585,558,30
1586,558,30
1587,558,30
1588,558,30
1589,558,30
1590,558,30
1591,558,30
1592,558,30
1593,558,30
1594,558,30
1595,558,30
1596,558,30
1597,558,30
1598,558,30
1599,558,30
1600,558,30
1544,559,30
1545,559,30
1546,559,30
1547,559,30
1548,559,30
1549,559,30
1550,559,30
1551,559,30
1552,559,30
1553,559,30
1554,559,30
1555,559,30
1556,559,30
1557,559,30
1558,559,30
1559,559,30
1560,559,30
1561,559,30
1562,559,30
1563,559,30
1564,559,30
1565,559,30
1566,559,30
1567,559,30
1568,559,30
1569,559,30
1570,559,30
1571,559,30
1572,559,30
1573,559,30
1574,559,30
1575,559,30
1576,559,30
1577,559,30
1578,559,30
1579,559,30
1580,559,30
1581,559,30
1582,559,30
1583,559,30
1584,559,30
1585,559,30
1586,559,30
1587,559,30
1588,559,30
1589,559,30
1590,559,30
1591,559,30
1592,559,30
1593,559,30
1594,559,30
1595,559,30
1544,560,30
1545,560,30
1546,560,30
1547,560,30
1548,560,30
1549,560,30
1550,560,30
1551,560,30
1552,560,30
1553,560,30
1554,560,30
1555,560,30
1556,560,30
1557,560,30
1558,560,30
1559,560,30
1560,560,30
1561,560,30
1562,560,30
1563,560,30
1564,560,30
1565,560,30
1566,560,30
1567,560,30
1568,560,30
1569,560,30
1570,560,30
1571,560,30
1572,560,30
1573,560,30
1574,560,30
1575,560,30
1576,560,30
1577,560,30
1578,560,30
1579,560,30
1580,560,30
1581,560,30
1582,560,30
1583,560,30
1584,560,30
1585,560,30
1586,560,30
1587,560,30
1588,560,30
1589,560,30
1472,561,41
1473,561,41
1474,561,41
1475,561,41
1476,561,41
1477,561,41
1478,561,41
1479,561,41
1544,561,30
1545,561,30
1546,561,30
1547,561,30
1548,561,30
1549,561,30
1550,561,30
1551,561,30
1552,561,30
1553,561,30
1554,561,30
1555,561,30
1556,561,30
1557,561,30
1558,561,30
1559,561,30
1560,561,30
1561,561,30
1562,561,30
1563,561,30
1564,561,30
1565,561,30
1566,561,30
1567,561,30
1568,561,30
1569,561,30
1570,561,30
1571,561,30
1572,561,30
1573,561,30
1574,561,30
1575,561,30
1576,561,30
1577,561,30
1578,561,30
1579,561,30
1580,561,30
1581,561,30
1582,561,30
1583,561,30
1584,561,30
1585,561,30
1586,561,30
1587,561,30
1472,562,41
1473,562,41
1474,562,41
1475,562,41
1476,562,41
1477,562,41
1478,562,41
1479,562,41
1480,562,41
1481,562,41
1544,562,30
1545,562,30
1546,562,30
1547,562,30
1548,562,30
1549,562,30
1550,562,30
1551,562,30
1552,562,30
1553,562,30
1554,562,30
1555,562,30
1556,562,30
1557,562,30
1558,562,30
1559,562,30
1560,562,30
1561,562,30
1562,562,30
1563,562,30
1564,562,30
1565,562,30
1566,562,30
1567,562,30
1568,562,30
1569,562,30
1570,562,30
1571,562,30
1572,562,30
1573,562,30
1574,562,30
1575,562,30
1576,562,30
1577,562,30
1578,562,30
1579,562,30
1580,562,30
1581,562,30
1582,562,30
1472,563,41
1473,563,41
1474,563,41
1475,563,41
1476,563,41
1477,563,41
1478,563,41
1479,563,41
1480,563,41
1481,563,41
1482,563,41
1544,563,30
1545,563,30
1546,563,30
1547,563,30
1548,563,30
1549,563,30
1550,563,30
1551,563,30
1552,563,30
1553,563,30
1554,563,30
1555,563,30
1556,563,30
1557,563,30
1558,563,30
1559,563,30
1560,563,30
1561,563,30
1562,563,30
1563,563,30
1564,563,30
1565,563,30
1566,563,30
1567,563,30
1568,563,30
1569,563,30
1570,563,30
1571,563,30
1572,563,30
1573,563,30
1574,563,30
1577,563,30
1473,564,41
1474,564,41
1475,564,41
1476,564,41
1477,564,41
1478,564,41
1479,564,41
1480,564,41
1481,564,41
1482,564,41
1483,564,41
1545,564,30
1546,564,30
1547,564,30
1548,564,30
1549,564,30
1550,564,30
1551,564,30
1552,564,30
1553,564,30
1554,564,30
1555,564,30
1556,564,30
1557,564,30
1558,564,30
1559,564,30
1560,564,30
1561,564,30
1473,565,41
1474,565,41
1475,565,41
1476,565,41
1477,565,41
1478,565,41
1479,565,41
1480,565,41
1481,565,41
1482,565,41
1483,565,41
1484,565,41
1546,565,30
1547,565,30
1548,565,30
1549,565,30
1550,565,30
1551,565,30
1552,565,30
1553,565,30
1554,565,30
1555,565,30
1556,565,30
1557,565,30
1558,565,30
1474,566,41
1475,566,41
1476,566,41
1477,566,41
1478,566,41
1479,566,41
1480,566,41
1481,566,41
1482,566,41
1483,566,41
1484,566,41
1485,566,41
1547,566,30
1548,566,30
1549,566,30
1550,566,30
1551,566,30
1552,566,30
1553,566,30
1554,566,30
1555,566,30
1556,566,30
1557,566,30
1475,567,41
1476,567,41
1477,567,41
1478,567,41
1479,567,41
1480,567,41
1481,567,41
1482,567,41
1483,567,41
1484,567,41
1485,567,41
1548,567,30
1549,567,30
1550,567,30
1551,567,30
1552,567,30
1553,567,30
1554,567,30
1555,567,30
1556,567,30
1557,567,30
1476,568,41
1477,568,41
1478,568,41
1479,568,41
1480,568,41
1481,568,41
1482,568,41
1483,568,41
1484,568,41
1485,568,41
1486,568,41
1549,568,30
1550,568,30
1551,568,30
1552,568,30
1553,568,30
1554,568,30
1555,568,30
1478,569,41
1479,569,41
1480,569,41
1481,569,41
1482,569,41
1483,569,41
1484,569,41
1485,569,41
1486,569,41
1487,569,41
1488,569,41
1551,569,30
1553,569,30
1554,569,30
1555,569,30
1478,570,41
1479,570,41
1480,570,41
1481,570,41
1482,570,41
1483,570,41
1484,570,41
1485,570,41
1486,570,41
1487,570,41
1488,570,41
1489,570,41
1479,571,41
1480,571,41
1481,571,41
1482,571,41
1483,571,41
1484,571,41
1485,571,41
1486,571,41
1487,571,41
1488,571,41
1489,571,41
1479,572,41
1480,572,41
1481,572,41
1482,572,41
1483,572,41
1484,572,41
1485,572,41
1486,572,41
1487,572,41
1488,572,41
1489,572,41
1481,573,41
1482,573,41
1483,573,41
1484,573,41
1485,573,41
1486,573,41
1487,573,41
1488,573,41
1489,573,41
1483,574,41
1484,574,41
1485,574,41
1486,574,41
1487,574,41
1488,574,41
1486,575,41
1487,575,41
1638,612,42
1640,612,42
1641,612,42
1642,612,42
1643,612,42
1638,613,42
1639,613,42
1640,613,42
1641,613,42
1642,613,42
1643,613,42
1644,613,42
1620,614,42
1621,614,42
1622,614,42
1623,614,42
1624,614,42
1638,614,42
1639,614,42
1640,614,42
1641,614,42
1642,614,42
1643,614,42
1644,614,42
1618,615,42
1619,615,42
1620,615,42
1621,615,42
1622,615,42
1623,615,42
1624,615,42
1625,615,42
1626,615,42
1636,615,42
1637,615,42
1638,615,42
1639,615,42
1640,615,42
1641,615,42
1642,615,42
1643,615,42
1644,615,42
1618,616,42
1619,616,42
1620,616,42
1621,616,42
1622,616,42
1623,616,42
1624,616,42
1625,616,42
1626,616,42
1636,616,42
1637,616,42
1638,616,42
1639,616,42
1640,616,42
1641,616,42
1642,616,42
1643,616,42
1644,616,42
1645,616,42
1617,617,42
1618,617,42
1619,617,42
1620,617,42
1621,617,42
1622,617,42
1623,617,42
1624,617,42
1625,617,42
1626,617,42
1627,617,42
1636,617,42
1637,617,42
1638,617,42
1639,617,42
1640,617,42
1641,617,42
1642,617,42
1643,617,42
1644,617,42
1645,617,42
1617,618,42
1618,618,42
1619,618,42
1620,618,42
1621,618,42
1622,618,42
1623,618,42
1624,618,42
1625,618,42
1626,618,42
1627,618,42
1635,618,42
1636,618,42
1637,618,42
1638,618,42
1639,618,42
1640,618,42
1641,618,42
1642,618,42
1643,618,42
1644,618,42
1645,618,42
1617,619,42
1618,619,42
1619,619,42
1620,619,42
1621,619,42
1622,619,42
1623,619,42
1624,619,42
1625,619,42
1626,619,42
1627,619,42
1635,619,42
1636,619,42
1637,619,42
1638,619,42
1639,619,42
1640,619,42
1641,619,42
1642,619,42
1643,619,42
1644,619,42
1645,619,42
1617,620,42
1618,620,42
1619,620,42
1620,620,42
1621,620,42
1622,620,42
1623,620,42
1624,620,42
1625,620,42
1626,620,42
1627,620,42
1633,620,42
1634,620,42
1635,620,42
1636,620,42
1637,620,42
1638,620,42
1639,620,42
1640,620,42
1641,620,42
1642,620,42
1643,620,42
1644,620,42
1645,620,42
1618,621,42
1619,621,42
1620,621,42
1621,621,42
1622,621,42
1623,621,42
1624,621,42
1625,621,42
1626,621,42
1627,621,42
1628,621,42
1629,621,42
1630,621,42
1631,621,42
1632,621,42
1633,621,42
1634,621,42
1635,621,42
1636,621,42
1637,621,42
1638,621,42
1639,621,42
1640,621,42
1641,621,42
1642,621,42
1643,621,42
1644,621,42
1645,621,42
1618,622,42
1619,622,42
1620,622,42
1621,622,42
1622,622,42
1623,622,42
1624,622,42
1625,622,42
1626,622,42
1627,622,42
1628,622,42
1629,622,42
1630,622,42
1631,622,42
1632,622,42
1633,622,42
1634,622,42
1635,622,42
1636,622,42
1637,622,42
1638,622,42
1639,622,42
1640,622,42
1641,622,42
1642,622,42
1643,622,42
1644,622,42
1645,622,42
1619,623,42
1620,623,42
1621,623,42
1622,623,42
1623,623,42
1624,623,42
1625,623,42
1626,623,42
1627,623,42
1628,623,42
1629,623,42
1630,623,42
1631,623,42
1632,623,42
1633,623,42
1634,623,42
1635,623,42
1636,623,42
1637,623,42
1638,623,42
1639,623,42
1640,623,42
1641,623,42
1642,623,42
1643,623,42
1644,623,42
1645,623,42
1620,624,42
1621,624,42
1622,624,42
1623,624,42
1624,624,42
1625,624,42
1626,624,42
1627,624,42
1628,624,42
1629,624,42
1630,624,42
1631,624,42
1632,624,42
1633,624,42
1634,624,42
1635,624,42
1636,624,42
1637,624,42
1638,624,42
1639,624,42
1640,624,42
1641,624,42
1642,624,42
1643,624,42
1644,624,42
1645,624,42
1621,625,42
1622,625,42
1623,625,42
1624,625,42
1625,625,42
1626,625,42
1627,625,42
1628,625,42
1629,625,42
1630,625,42
1631,625,42
1632,625,42
1633,625,42
1634,625,42
1635,625,42
1636,625,42
1637,625,42
1638,625,42
1639,625,42
1640,625,42
1641,625,42
1642,625,42
1643,625,42
1644,625,42
1622,626,42
1623,626,42
1625,626,42
1626,626,42
1627,626,42
1628,626,42
1629,626,42
1630,626,42
1631,626,42
1632,626,42
1633,626,42
1634,626,42
1635,626,42
1636,626,42
1637,626,42
1638,626,42
1639,626,42
1640,626,42
1641,626,42
1642,626,42
1643,626,42
1644,626,42
1626,627,42
1627,627,42
1628,627,42
1629,627,42
1630,627,42
1631,627,42
1632,627,42
1633,627,42
1634,627,42
1635,627,42
1636,627,42
1637,627,42
1638,627,42
1639,627,42
1640,627,42
1641,627,42
1642,627,42
1643,627,42
1644,627,42
1629,628,42
1630,628,42
1631,628,42
1632,628,42
1633,628,42
1634,628,42
1635,628,42
1636,628,42
1637,628,42
1638,628,42
1639,628,42
1640,628,42
1641,628,42
1642,628,42
1629,629,42
1630,629,42
1631,629,42
1632,629,42
1633,629,42
1634,629,42
1635,629,42
1636,629,42
1637,629,42
1638,629,42
1639,629,42
1640,629,42
1631,630,42
1632,630,42
1633,630,42
1634,630,42
1635,630,42
1636,630,42
1637,630,42
1638,630,42
1526,681,48
1527,681,48
1528,681,48
1529,681,48
1530,681,48
1524,682,48
1525,682,48
1526,682,48
1527,682,48
1528,682,48
1529,682,48
1530,682,48
1531,682,48
1532,682,48
1524,683,48
1525,683,48
1526,683,48
1527,683,48
1528,683,48
1529,683,48
1530,683,48
1531,683,48
1532,683,48
1533,683,48
1534,683,48
1524,684,48
1525,684,48
1526,684,48
1527,684,48
1528,684,48
1529,684,48
1530,684,48
1531,684,48
1532,684,48
1533,684,48
1534,684,48
1523,685,48
1524,685,48
1525,685,48
1526,685,48
1527,685,48
1528,685,48
1529,685,48
1530,685,48
1531,685,48
1532,685,48
1533,685,48
1534,685,48
1535,685,48
1536,685,48
1537,685,48
1523,686,48
1524,686,48
1525,686,48
1526,686,48
1527,686,48
1528,686,48
1529,686,48
1530,686,48
1531,686,48
1532,686,48
1533,686,48
1534,686,48
1535,686,48
1536,686,48
1537,686,48
1524,687,48
1525,687,48
1526,687,48
1527,687,48
1528,687,48
1529,687,48
1530,687,48
1531,687,48
1532,687,48
1533,687,48
1534,687,48
1535,687,48
1536,687,48
1537,687,48
1538,687,48
1539,687,48
1524,688,48
1525,688,48
1526,688,48
1527,688,48
1528,688,48
1529,688,48
1530,688,48
1531,688,48
1532,688,48
1533,688,48
1534,688,48
1535,688,48
1536,688,48
1537,688,48
1538,688,48
1539,688,48
1540,688,48
1541,688,48
1542,688,48
1543,688,48
1524,689,48
1525,689,48
1526,689,48
1527,689,48
1528,689,48
1529,689,48
1530,689,48
1531,689,48
1532,689,48
1533,689,48
1534,689,48
1535,689,48
1536,689,48
1537,689,48
1538,689,48
1539,689,48
1540,689,48
1541,689,48
1542,689,48
1543,689,48
1525,690,48
1526,690,48
1527,690,48
1528,690,48
1529,690,48
1530,690,48
1531,690,48
1532,690,48
1533,690,48
1534,690,48
1535,690,48
1536,690,48
1537,690,48
1538,690,48
1539,690,48
1540,690,48
1541,690,48
1542,690,48
1543,690,48
1544,690,48
1545,690,48
1526,691,48
1527,691,48
1528,691,48
1529,691,48
1530,691,48
1531,691,48
1532,691,48
1533,691,48
1534,691,48
1535,691,48
1536,691,48
1537,691,48
1538,691,48
1539,691,48
1540,691,48
1541,691,48
1542,691,48
1543,691,48
1544,691,48
1545,691,48
1546,691,48
1527,692,48
1528,692,48
1529,692,48
1530,692,48
1531,692,48
1532,692,48
1533,692,48
1534,692,48
1535,692,48
1536,692,48
1537,692,48
1538,692,48
1539,692,48
1540,692,48
1541,692,48
1542,692,48
1543,692,48
1544,692,48
1545,692,48
1546,692,48
1547,692,48
1548,692,48
1549,692,48
1528,693,48
1529,693,48
1530,693,48
1531,693,48
1532,693,48
1533,693,48
1534,693,48
1535,693,48
1536,693,48
1537,693,48
1538,693,48
1539,693,48
1540,693,48
1541,693,48
1542,693,48
1543,693,48
1544,693,48
1545,693,48
1546,693,48
1547,693,48
1548,693,48
1549,693,48
1529,694,48
1530,694,48
1531,694,48
1532,694,48
1533,694,48
1534,694,48
1535,694,48
1536,694,48
1537,694,48
1538,694,48
1539,694,48
1540,694,48
1541,694,48
1542,694,48
1543,694,48
1544,694,48
1545,694,48
1546,694,48
1547,694,48
1548,694,48
1549,694,48
1550,694,48
1551,694,48
1552,694,48
1530,695,48
1531,695,48
1532,695,48
1533,695,48
1534,695,48
1535,695,48
1536,695,48
1537,695,48
1538,695,48
1539,695,48
1540,695,48
1541,695,48
1542,695,48
1543,695,48
1544,695,48
1545,695,48
1546,695,48
1547,695,48
1548,695,48
1549,695,48
1550,695,48
1551,695,48
1552,695,48
1608,695,50
1609,695,50
1611,695,50
1532,696,48
1533,696,48
1534,696,48
1535,696,48
1536,696,48
1537,696,48
1538,696,48
1539,696,48
1540,696,48
1541,696,48
1542,696,48
1543,696,48
1544,696,48
1545,696,48
1546,696,48
1547,696,48
1548,696,48
1549,696,48
1550,696,48
1551,696,48
1552,696,48
1553,696,48
1574,696,50
1575,696,50
1576,696,50
1577,696,50
1578,696,50
1603,696,50
1604,696,50
1605,696,50
1606,696,50
1607,696,50
1608,696,50
1609,696,50
1610,696,50
1611,696,50
1534,697,48
1535,697,48
1536,697,48
1537,697,48
1538,697,48
1539,697,48
1540,697,48
1541,697,48
1542,697,48
1543,697,48
1544,697,48
1545,697,48
1546,697,48
1547,697,48
1548,697,48
1549,697,48
1550,697,48
1551,697,48
1552,697,48
1553,697,48
1554,697,48
1555,697,48
1556,697,48
1557,697,48
1572,697,50
1573,697,50
1574,697,50
1575,697,50
1576,697,50
1577,697,50
1578,697,50
1579,697,50
1580,697,50
1581,697,50
1582,697,50
1583,697,50
1584,697,50
1585,697,50
1586,697,50
1587,697,50
1588,697,50
1589,697,50
1590,697,50
1591,697,50
1592,697,50
1593,697,50
1594,697,50
1595,697,50
1596,697,50
1597,697,50
1599,697,50
1600,697,50
1601,697,50
1602,697,50
1603,697,50
1604,697,50
1605,697,50
1606,697,50
1607,697,50
1608,697,50
1609,697,50
1610,697,50
1611,697,50
1534,698,48
1535,698,48
1536,698,48
1537,698,48
1538,698,48
1539,698,48
1540,698,48
1541,698,48
1542,698,48
1543,698,48
1544,698,48
1545,698,48
1546,698,48
1547,698,48
1548,698,48
1549,698,48
1550,698,48
1551,698,48
1552,698,48
1553,698,48
1554,698,48
1555,698,48
1556,698,48
1557,698,48
1558,698,48
1571,698,50
1572,698,50
1573,698,50
1574,698,50
1575,698,50
1576,698,50
1577,698,50
1578,698,50
1579,698,50
1580,698,50
1581,698,50
1582,698,50
1583,698,50
1584,698,50
1585,698,50
1586,698,50
1587,698,50
1588,698,50
1589,698,50
1590,698,50
1591,698,50
1592,698,50
1593,698,50
1594,698,50
1595,698,50
1596,698,50
1597,698,50
1598,698,50
1599,698,50
1600,698,50
1601,698,50
1602,698,50
1603,698,50
1604,698,50
1605,698,50
1606,698,50
1607,698,50
1608,698,50
1609,698,50
1610,698,50
1611,698,50
1612,698,50
1537,699,48
1538,699,48
1539,699,48
1540,699,48
1541,699,48
1542,699,48
1543,699,48
1544,699,48
1545,699,48
1546,699,48
1547,699,48
1548,699,48
1549,699,48
1550,699,48
1551,699,48
1552,699,48
1553,699,48
1554,699,48
1555,699,48
1556,699,48
1557,699,48
1558,699,48
1559,699,48
1560,699,48
1570,699,50
1571,699,50
1572,699,50
1573,699,50
1574,699,50
1575,699,50
1576,699,50
1577,699,50
1578,699,50
1579,699,50
1580,699,50
1581,699,50
1582,699,50
1583,699,50
1584,699,50
1585,699,50
1586,699,50
1587,699,50
1588,699,50
1589,699,50
1590,699,50
1591,699,50
1592,699,50
1593,699,50
1594,699,50
1595,699,50
1596,699,50
1597,699,50
1598,699,50
1599,699,50
1600,699,50
1601,699,50
1602,699,50
1603,699,50
1604,699,50
1605,699,50
1606,699,50
1607,699,50
1608,699,50
1609,699,50
1610,699,50
1611,699,50
1612,699,50
1538,700,48
1539,700,48
1540,700,48
1541,700,48
1542,700,48
1543,700,48
1544,700,48
1545,700,48
1546,700,48
1547,700,48
1548,700,48
1549,700,48
1550,700,48
1551,700,48
1552,700,48
1553,700,48
1554,700,48
1555,700,48
1556,700,48
1557,700,48
1558,700,48
1559,700,48
1560,700,48
1561,700,48
1570,700,50
1571,700,50
1572,700,50
1573,700,50
1574,700,50
1575,700,50
1576,700,50
1577,700,50
1578,700,50
1579,700,50
1580,700,50
1581,700,50
1582,700,50
1583,700,50
1584,700,50
1585,700,50
1586,700,50
1587,700,50
1588,700,50
1589,700,50
1590,700,50
1591,700,50
1592,700,50
1593,700,50
1594,700,50
1595,700,50
1596,700,50
1597,700,50
1598,700,50
1599,700,50
1600,700,50
1601,700,50
1602,700,50
1603,700,50
1604,700,50
1605,700,50
1606,700,50
1607,700,50
1608,700,50
1609,700,50
1610,700,50
1611,700,50
1539,701,48
1540,701,48
1541,701,48
1542,701,48
1543,701,48
1544,701,48
1545,701,48
1546,701,48
1547,701,48
1548,701,48
1549,701,48
1550,701,48
1551,701,48
1552,701,48
1553,701,48
1554,701,48
1555,701,48
1556,701,48
1557,701,48
1558,701,48
1559,701,48
1560,701,48
1561,701,48
1570,701,50
1571,701,50
1572,701,50
1573,701,50
1574,701,50
1575,701,50
1576,701,50
1577,701,50
1578,701,50
1579,701,50
1580,701,50
1581,701,50
1582,701,50
1583,701,50
1584,701,50
1585,701,50
1586,701,50
1587,701,50
1588,701,50
1589,701,50
1590,701,50
1591,701,50
1592,701,50
1593,701,50
1594,701,50
1595,701,50
1596,701,50
1597,701,50
1598,701,50
1599,701,50
1600,701,50
1601,701,50
1602,701,50
1603,701,50
1604,701,50
1605,701,50
1606,701,50
1607,701,50
1608,701,50
1609,701,50
1610,701,50
1611,701,50
1539,702,48
1540,702,48
1541,702,48
1542,702,48
1543,702,48
1544,702,48
1545,702,48
1546,702,48
1547,702,48
1548,702,48
1549,702,48
1550,702,48
1551,702,48
1552,702,48
1553,702,48
1554,702,48
1555,702,48
1556,702,48
1557,702,48
1558,702,48
1559,702,48
1560,702,48
1561,702,48
1562,702,48
1563,702,48
1569,702,50
1570,702,50
1571,702,50
1572,702,50
1573,702,50
1574,702,50
1575,702,50
1576,702,50
1577,702,50
1578,702,50
1579,702,50
1580,702,50
1581,702,50
1582,702,50
1583,702,50
1584,702,50
1585,702,50
1586,702,50
1587,702,50
1588,702,50
1589,702,50
1590,702,50
1591,702,50
1592,702,50
1593,702,50
1594,702,50
1595,702,50
1596,702,50
1597,702,50
1598,702,50
1599,702,50
1600,702,50
1601,702,50
1602,702,50
1603,702,50
1604,702,50
1605,702,50
1606,702,50
1607,702,50
1608,702,50
1609,702,50
1610,702,50
1611,702,50
1542,703,48
1543,703,48
1544,703,48
1545,703,48
1546,703,48
1547,703,48
1548,703,48
1549,703,48
1550,703,48
1551,703,48
1552,703,48
1553,703,48
1554,703,48
1555,703,48
1556,703,48
1557,703,48
1558,703,48
1559,703,48
1560,703,48
1561,703,48
1562,703,48
1563,703,48
1569,703,50
1570,703,50
1571,703,50
1572,703,50
1573,703,50
1574,703,50
1575,703,50
1576,703,50
1577,703,50
1578,703,50
1579,703,50
1580,703,50
1581,703,50
1582,703,50
1583,703,50
1584,703,50
1585,703,50
1586,703,50
1587,703,50
1588,703,50
1589,703,50
1590,703,50
1591,703,50
1592,703,50
1593,703,50
1594,703,50
1595,703,50
1596,703,50
1597,703,50
1598,703,50
1599,703,50
1600,703,50
1601,703,50
1602,703,50
1603,703,50
1604,703,50
1605,703,50
1606,703,50
1607,703,50
1608,703,50
1609,703,50
1610,703,50
1542,704,48
1543,704,48
1544,704,48
1545,704,48
1546,704,48
1547,704,48
1548,704,48
1549,704,48
1550,704,48
1551,704,48
1552,704,48
1553,704,48
1554,704,48
1555,704,48
1556,704,48
1557,704,48
1558,704,48
1559,704,48
1560,704,48
1561,704,48
1562,704,48
1563,704,48
1564,704,48
1570,704,50
1571,704,50
1572,704,50
1573,704,50
1574,704,50
1575,704,50
1576,704,50
1577,704,50
1578,704,50
1579,704,50
1580,704,50
1581,704,50
1582,704,50
1583,704,50
1584,704,50
1585,704,50
1586,704,50
1587,704,50
1588,704,50
1589,704,50
1590,704,50
1591,704,50
1592,704,50
1593,704,50
1594,704,50
1595,704,50
1596,704,50
1597,704,50
1598,704,50
1599,704,50
1600,704,50
1601,704,50
1602,704,50
1603,704,50
1604,704,50
1605,704,50
1606,704,50
1607,704,50
1608,704,50
1609,704,50
1610,704,50
1543,705,48
1544,705,48
1545,705,48
1546,705,48
1547,705,48
1548,705,48
1549,705,48
1550,705,48
1551,705,48
1552,705,48
1553,705,48
1554,705,48
1555,705,48
1556,705,48
1557,705,48
1558,705,48
1559,705,48
1560,705,48
1561,705,48
1562,705,48
1563,705,48
1570,705,50
1571,705,50
1572,705,50
1573,705,50
1574,705,50
1575,705,50
1576,705,50
1577,705,50
1578,705,50
1579,705,50
1580,705,50
1581,705,50
1582,705,50
1583,705,50
1584,705,50
1585,705,50
1586,705,50
1587,705,50
1588,705,50
1589,705,50
1590,705,50
1591,705,50
1592,705,50
1593,705,50
1594,705,50
1595,705,50
1596,705,50
1597,705,50
1598,705,50
1599,705,50
1600,705,50
1601,705,50
1602,705,50
1603,705,50
1604,705,50
1605,705,50
1606,705,50
1607,705,50
1608,705,50
1609,705,50
1546,706,48
1547,706,48
1548,706,48
1549,706,48
1550,706,48
1551,706,48
1552,706,48
1553,706,48
1554,706,48
1555,706,48
1556,706,48
1557,706,48
1558,706,48
1559,706,48
1560,706,48
1561,706,48
1562,706,48
1571,706,50
1572,706,50
1573,706,50
1574,706,50
1575,706,50
1576,706,50
1577,706,50
1578,706,50
1579,706,50
1580,706,50
1581,706,50
1582,706,50
1583,706,50
1584,706,50
1585,706,50
1586,706,50
1587,706,50
1588,706,50
1589,706,50
1590,706,50
1591,706,50
1592,706,50
1593,706,50
1594,706,50
1595,706,50
1596,706,50
1597,706,50
1598,706,50
1599,706,50
1600,706,50
1601,706,50
1602,706,50
1603,706,50
1604,706,50
1605,706,50
1606,706,50
1607,706,50
1608,706,50
1609,706,50
1547,707,48
1548,707,48
1549,707,48
1550,707,48
1551,707,48
1552,707,48
1553,707,48
1554,707,48
1555,707,48
1556,707,48
1557,707,48
1558,707,48
1559,707,48
1560,707,48
1561,707,48
1562,707,48
1572,707,50
1573,707,50
1574,707,50
1575,707,50
1576,707,50
1577,707,50
1578,707,50
1579,707,50
1580,707,50
1581,707,50
1582,707,50
1583,707,50
1584,707,50
1585,707,50
1586,707,50
1587,707,50
1588,707,50
1589,707,50
1590,707,50
1591,707,50
1592,707,50
1593,707,50
1594,707,50
1595,707,50
1596,707,50
1597,707,50
1598,707,50
1599,707,50
1600,707,50
1601,707,50
1602,707,50
1603,707,50
1604,707,50
1605,707,50
1606,707,50
1607,707,50
1551,708,48
1552,708,48
1553,708,48
1554,708,48
1555,708,48
1556,708,48
1557,708,48
1558,708,48
1559,708,48
1560,708,48
1561,708,48
1576,708,50
1577,708,50
1578,708,50
1579,708,50
1580,708,50
1581,708,50
1582,708,50
1583,708,50
1584,708,50
1585,708,50
1586,708,50
1587,708,50
1588,708,50
1589,708,50
1590,708,50
1591,708,50
1592,708,50
1593,708,50
1594,708,50
1595,708,50
1596,708,50
1597,708,50
1598,708,50
1599,708,50
1600,708,50
1601,708,50
1602,708,50
1603,708,50
1549,709,48
1550,709,48
1551,709,48
1552,709,48
1553,709,48
1554,709,48
1555,709,48
1556,709,48
1557,709,48
1558,709,48
1559,709,48
1560,709,48
1580,709,50
1581,709,50
1582,709,50
1583,709,50
1584,709,50
1587,709,50
1588,709,50
1589,709,50
1590,709,50
1591,709,50
1592,709,50
1593,709,50
1594,709,50
1595,709,50
1596,709,50
1597,709,50
1598,709,50
1599,709,50
1518,786,57
1517,787,57
1518,787,57
1521,787,57
1522,787,57
1523,787,57
1524,787,57
1525,787,57
1526,787,57
1527,787,57
1516,788,57
1517,788,57
1518,788,57
1519,788,57
1520,788,57
1521,788,57
1522,788,57
1523,788,57
1524,788,57
1525,788,57
1526,788,57
1527,788,57
1528,788,57
1529,788,57
1530,788,57
1607,788,59
1608,788,59
1609,788,59
1610,788,59
1611,788,59
1614,788,59
1615,788,59
1616,788,59
1617,788,59
1618,788,59
1619,788,59
1515,789,57
1516,789,57
1517,789,57
1518,789,57
1519,789,57
1520,789,57
1521,789,57
1522,789,57
1523,789,57
1524,789,57
1525,789,57
1526,789,57
1527,789,57
1528,789,57
1529,789,57
1530,789,57
1531,789,57
1532,789,57
1599,789,59
1600,789,59
1601,789,59
1602,789,59
1603,789,59
1604,789,59
1605,789,59
1607,789,59
1608,789,59
1609,789,59
1610,789,59
1611,789,59
1612,789,59
1613,789,59
1614,789,59
1615,789,59
1616,789,59
1617,789,59
1618,789,59
1619,789,59
1620,789,59
1621,789,59
1515,790,57
1516,790,57
1517,790,57
1518,790,57
1519,790,57
1520,790,57
1521,790,57
1522,790,57
1523,790,57
1524,790,57
1525,790,57
1526,790,57
1527,790,57
1528,790,57
1529,790,57
1530,790,57
1531,790,57
1532,790,57
1533,790,57
1596,790,59
1597,790,59
1598,790,59
1599,790,59
1600,790,59
1601,790,59
1602,790,59
1603,790,59
1604,790,59
1605,790,59
1606,790,59
1607,790,59
1608,790,59
1609,790,59
1610,790,59
1611,790,59
1612,790,59
1613,790,59
1614,790,59
1615,790,59
1616,790,59
1617,790,59
1618,790,59
1619,790,59
1620,790,59
1621,790,59
1515,791,57
1516,791,57
1517,791,57
1518,791,57
1519,791,57
1520,791,57
1521,791,57
1522,791,57
1523,791,57
1524,791,57
1525,791,57
1526,791,57
1527,791,57
1528,791,57
1529,791,57
1530,791,57
1531,791,57
1532,791,57
1533,791,57
1534,791,57
1535,791,57
1536,791,57
1539,791,57
1596,791,59
1597,791,59
1598,791,59
1599,791,59
1600,791,59
1601,791,59
1602,791,59
1603,791,59
1604,791,59
1605,791,59
1606,791,59
1607,791,59
1608,791,59
1609,791,59
1610,791,59
1611,791,59
1612,791,59
1613,791,59
1614,791,59
1615,791,59
1616,791,59
1617,791,59
1618,791,59
1619,791,59
1620,791,59
1621,791,59
1622,791,59
1514,792,57
1515,792,57
1516,792,57
1517,792,57
1518,792,57
1519,792,57
1520,792,57
1521,792,57
1522,792,57
1523,792,57
1524,792,57
1525,792,57
1526,792,57
1527,792,57
1528,792,57
1529,792,57
1530,792,57
1531,792,57
1532,792,57
1533,792,57
1534,792,57
1535,792,57
1536,792,57
1537,792,57
1538,792,57
1539,792,57
1540,792,57
1596,792,59
1597,792,59
1598,792,59
1599,792,59
1600,792,59
1601,792,59
1602,792,59
1603,792,59
1604,792,59
1605,792,59
1606,792,59
1607,792,59
1608,792,59
1609,792,59
1610,792,59
1611,792,59
1612,792,59
1613,792,59
1614,792,59
1615,792,59
1616,792,59
1617,792,59
1618,792,59
1619,792,59
1620,792,59
1621,792,59
1514,793,57
1515,793,57
1516,793,57
1517,793,57
1518,793,57
1519,793,57
1520,793,57
1521,793,57
1522,793,57
1523,793,57
1524,793,57
1525,793,57
1526,793,57
1527,793,57
1528,793,57
1529,793,57
1530,793,57
1531,793,57
1532,793,57
1533,793,57
1534,793,57
1535,793,57
1536,793,57
1537,793,57
1538,793,57
1539,793,57
1540,793,57
1541,793,57
1595,793,59
1596,793,59
1597,793,59
1598,793,59
1599,793,59
1600,793,59
1601,793,59
1602,793,59
1603,793,59
1604,793,59
1605,793,59
1606,793,59
1607,793,59
1608,793,59
1609,793,59
1610,793,59
1611,793,59
1612,793,59
1613,793,59
1614,793,59
1615,793,59
1616,793,59
1617,793,59
1618,793,59
1619,793,59
1620,793,59
1621,793,59
1622,793,59
1515,794,57
1516,794,57
1517,794,57
1518,794,57
1519,794,57
1520,794,57
1521,794,57
1522,794,57
1523,794,57
1524,794,57
1525,794,57
1526,794,57
1527,794,57
1528,794,57
1529,794,57
1530,794,57
1531,794,57
1532,794,57
1533,794,57
1534,794,57
1535,794,57
1536,794,57
1537,794,57
1538,794,57
1539,794,57
1540,794,57
1541,794,57
1542,794,57
1595,794,59
1596,794,59
1597,794,59
1598,794,59
1599,794,59
1600,794,59
1601,794,59
1602,794,59
1603,794,59
1604,794,59
1605,794,59
1606,794,59
1607,794,59
1608,794,59
1609,794,59
1610,794,59
1611,794,59
1612,794,59
1613,794,59
1614,794,59
1615,794,59
1616,794,59
1617,794,59
1516,795,57
1517,795,57
1518,795,57
1519,795,57
1520,795,57
1521,795,57
1522,795,57
1523,795,57
1524,795,57
1525,795,57
1526,795,57
1527,795,57
1528,795,57
1529,795,57
1530,795,57
1531,795,57
1532,795,57
1533,795,57
1534,795,57
1535,795,57
1536,795,57
1537,795,57
1538,795,57
1539,795,57
1540,795,57
1541,795,57
1542,795,57
1596,795,59
1597,795,59
1598,795,59
1599,795,59
1600,795,59
1601,795,59
1602,795,59
1603,795,59
1604,795,59
1605,795,59
1606,795,59
1607,795,59
1608,795,59
1609,795,59
1610,795,59
1611,795,59
1612,795,59
1616,795,59
1617,795,59
1517,796,57
1518,796,57
1519,796,57
1520,796,57
1521,796,57
1522,796,57
1523,796,57
1524,796,57
1525,796,57
1526,796,57
1527,796,57
1528,796,57
1529,796,57
1530,796,57
1531,796,57
1532,796,57
1533,796,57
1534,796,57
1535,796,57
1536,796,57
1537,796,57
1538,796,57
1539,796,57
1540,796,57
1541,796,57
1542,796,57
1598,796,59
1599,796,59
1600,796,59
1601,796,59
1602,796,59
1603,796,59
1604,796,59
1605,796,59
1606,796,59
1607,796,59
1608,796,59
1609,796,59
1610,796,59
1521,797,57
1522,797,57
1523,797,57
1524,797,57
1525,797,57
1526,797,57
1527,797,57
1528,797,57
1529,797,57
1530,797,57
1531,797,57
1532,797,57
1533,797,57
1534,797,57
1535,797,57
1536,797,57
1537,797,57
1538,797,57
1539,797,57
1540,797,57
