0
0
0
0
0
0
0
0
0
0
0
0
0
0
0
0
0
0
0
0
0
0
0
0
0
0
0
0
0
0
0
0
0
0
0
0
0
0
0
0
0
1
1
2
2
2
0
1
1
3
5
8
4
2
6
11
9
10
8
7
5
8
2
8
5
5
8
10
8
14
8
11
13
12
15
8
13
11
20
24
21
28
17
17
16
17
11
15
21
11
10
17
11
20
14
16
6
23
12
18
13
16
14
15
17
7
12
17
11
8
15
14
16
15
17
13
15
15
17
27
10
10
10
17
13
15
16
13
7
8
9
8
12
7
10
4
6
11
14
18
11
8
9
7
7
9
16
11
10
8
9
13
12
9
7
10
7
7
14
9
16
10
11
15
10
6
10
10
11
9
9
5
13
9
9
11
9
13
8
18
13
6
10
13
10
17
8
2
6
14
11
14
15
9
6
8
10
12
11
13
14
12
13
8
12
13
14
10
12
13
16
20
15
15
11
10
10
12
7
6
8
2
1
6
3
1
7
5
4
2
2
5
2
1
1
1
0
2
0
0
0
0
0
0
0
0
0
0
0
0
0
0
0
0
0
