0
0
0
0
0
0
1
0
0
0
0
1
0
0
3
0
0
2
0
0
5
0
2
2
1
3
4
3
5
1
2
4
1
6
3
2
4
3
4
9
4
5
5
4
6
6
7
2
2
4
5
1
4
5
5
3
3
8
1
5
5
2
4
5
5
11
6
0
4
7
3
2
7
5
6
3
2
4
6
3
6
7
6
3
6
6
4
10
8
4
7
7
7
5
9
11
5
8
6
4
14
12
10
5
8
8
6
12
7
9
4
11
8
11
8
10
3
1
3
1
2
3
3
2
1
2
0
3
1
2
0
0
0
0
0
0
0
0
0
0
0
0
0
0
0
0
0
0
0
0
0
0
0
0
0
0
0
0
0
0
0
0
0
0
0
0
0
0
0
0
0
0
0
0
0
0
0
0
0
0
0
0
0
0
0
0
0
0
0
0
0
0
0
0
0
0
0
0
0
0
0
0
0
0
0
0
0
0
0
0
0
0
0
0
0
0
0
0
0
0
0
0
0
0
0
0
0
0
0
0
0
0
0
0
0
0
0
0
0
0
0
0
0
0
0
0
0
0
0
0
0
0
0
0
0
