0
0
0
0
0
0
0
0
0
0
0
0
0
0
0
0
0
0
0
0
0
0
0
0
0
0
0
0
0
0
0
0
0
0
0
0
0
0
0
0
0
0
0
0
0
0
0
0
0
0
0
0
0
0
0
0
0
0
0
0
0
0
0
0
0
0
0
0
0
0
0
0
0
0
0
0
0
1
1
0
0
1
0
2
6
4
0
1
3
2
1
4
3
2
2
2
2
5
3
4
4
3
4
1
3
3
1
6
1
0
2
4
2
2
4
2
0
2
0
5
1
1
2
2
2
6
5
1
3
2
4
1
2
2
1
1
2
5
6
4
3
2
3
1
4
5
5
0
4
2
0
5
4
5
2
3
3
3
6
2
4
1
1
7
4
2
5
1
5
2
5
3
4
3
4
6
3
6
4
6
5
2
4
5
4
3
4
1
3
7
9
9
11
7
4
4
5
4
8
9
11
4
4
3
8
11
10
7
8
6
10
11
8
9
6
9
3
6
1
5
2
0
0
4
1
0
1
0
0
0
0
0
0
0
0
0
0
0
0
0
0
0
0
0
0
0
0
0
0
0
0
0
0
0
0
